102
0.0 27.731 20.616 29.069 25.612 15.133 25.298 26.907 11.662 23.324 16.763 19.647 38.079 30.806 39.357 36.056 40.311 33.302 35.355 39.051 10.0 11.662 12.166 30.529 15.0 24.083 34.176 17.117 36.346 20.0 20.616 33.541 31.623 33.526 32.388 38.079 35.355 39.294 41.231 40.311 32.249 18.682 19.313 16.553 31.048 22.361 25.71 18.028 10.77 31.048 22.804 25.0 21.213 45.177 40.05 35.057 45.0 35.057 45.044 40.05 45.277 22.361 18.028 14.142 21.541 25.318 16.553 12.207 20.1 15.811 58.523 57.009 23.854 55.714 19.849 15.811 52.202 32.388 39.294 51.078 51.478 47.434 35.355 32.388 31.048 46.174 26.476 24.331 26.926 21.26 20.616 22.361 44.204 8.246 40.608 37.202 24.166 40.311 30.806 33.541 38.079 64.031
27.731 0.0 8.602 11.662 12.042 14.142 48.836 7.81 23.431 24.515 19.235 18.028 28.792 30.0 31.623 32.388 33.526 34.0 37.0 37.336 33.302 29.069 33.242 39.051 36.797 31.321 45.88 37.014 52.0 40.608 37.736 58.0 54.672 56.223 53.254 61.717 55.758 61.033 62.682 60.033 59.203 46.239 47.011 44.283 58.523 50.09 53.141 45.651 38.484 55.145 50.249 52.479 48.26 70.456 65.765 60.828 71.021 61.612 71.386 66.491 72.035 45.044 40.05 35.057 45.177 50.636 40.311 35.355 46.098 40.608 62.241 58.728 45.011 60.208 40.012 12.207 55.172 36.056 43.6 57.009 59.908 51.856 30.48 28.284 24.759 44.688 24.413 31.385 19.849 11.705 21.541 17.0 18.028 19.723 14.765 11.18 36.401 12.806 6.0 5.831 10.44 91.263
20.616 8.602 0.0 17.029 15.524 5.831 40.311 13.0 14.866 17.0 10.77 10.05 25.0 23.537 27.459 26.926 29.155 27.459 30.414 31.623 25.0 20.518 24.759 31.257 28.284 23.345 37.855 28.425 43.658 32.016 29.155 49.497 46.098 47.634 44.654 53.151 47.17 52.431 54.083 51.478 52.773 39.294 39.85 37.0 51.662 42.72 46.325 38.079 31.321 50.09 42.485 44.721 40.311 65.008 60.075 55.082 65.192 55.444 65.376 60.407 65.765 40.311 35.355 30.414 40.112 45.011 35.057 30.067 40.112 35.0 64.031 61.033 40.792 61.717 35.903 5.0 57.009 36.797 44.598 58.0 60.208 53.151 33.541 30.887 27.731 47.508 25.807 30.61 22.361 12.53 21.213 18.028 26.627 12.369 23.324 19.723 34.482 21.213 13.928 14.142 18.028 83.217
29.069 11.662 17.029 0.0 3.606 20.396 53.339 4.123 29.411 34.015 27.166 27.0 40.311 40.447 43.081 43.417 44.944 44.407 47.381 48.27 37.216 34.54 38.013 48.094 41.593 40.112 54.452 42.544 59.666 46.098 44.272 62.129 59.54 61.294 59.093 66.37 61.847 66.641 68.447 66.483 57.245 45.804 47.011 44.688 57.454 50.448 52.154 46.69 38.949 50.961 51.624 53.759 50.249 66.483 62.298 57.585 67.676 59.093 68.352 63.695 69.462 40.804 36.056 31.385 41.437 47.539 37.162 32.65 43.829 38.013 51.088 47.381 40.025 49.204 35.171 17.464 44.045 26.0 33.121 46.325 49.649 41.049 19.105 17.205 13.601 33.242 14.56 23.087 9.487 7.81 14.142 9.22 16.763 22.825 13.342 11.0 29.0 16.125 7.211 13.038 17.464 92.763
25.612 12.042 15.524 3.606 0.0 18.028 50.12 4.472 26.683 32.249 25.0 25.179 39.825 39.051 42.485 42.379 44.283 42.953 45.891 47.127 34.0 31.623 34.928 46.0 38.484 38.0 52.154 39.56 57.07 43.081 41.485 58.83 56.356 58.138 56.08 63.135 58.873 63.561 65.391 63.569 53.666 42.202 43.417 41.11 53.852 46.861 48.549 43.139 35.384 47.539 48.083 50.21 46.755 63.063 58.822 54.083 64.195 55.543 64.846 60.166 65.924 37.363 32.573 27.857 37.947 44.011 33.615 29.069 40.249 34.438 50.21 46.755 36.674 48.166 31.78 15.033 43.139 24.187 31.623 45.0 48.021 39.825 18.601 16.279 12.806 32.802 12.53 20.396 7.81 4.472 11.0 6.0 20.248 19.698 16.763 14.142 26.077 19.0 9.22 14.866 19.647 89.196
15.133 14.142 5.831 20.396 18.028 0.0 34.713 16.763 9.434 14.866 7.071 8.062 26.249 22.361 28.284 26.627 29.732 26.0 28.792 30.887 19.209 15.0 19.105 28.018 22.672 20.025 34.132 23.022 39.294 26.627 24.166 43.863 40.608 42.202 39.446 47.634 42.059 47.17 48.877 46.519 47.381 33.734 34.205 31.321 46.098 37.0 40.792 32.311 25.71 45.398 36.674 38.91 34.482 60.033 55.0 50.0 60.033 50.16 60.133 55.145 60.407 35.903 31.048 26.249 35.511 40.05 30.414 25.495 35.0 30.15 63.514 60.902 36.688 61.033 31.953 3.0 56.604 36.056 43.829 57.009 58.728 52.431 34.482 31.623 28.862 47.927 26.0 29.069 23.537 14.036 20.591 18.682 32.016 7.0 28.601 25.0 32.016 26.907 18.868 19.849 23.854 77.389
25.298 48.836 40.311 53.339 50.12 34.713 0.0 50.478 25.456 30.463 30.61 33.015 43.932 33.541 43.417 38.21 43.186 33.061 33.015 38.013 16.125 19.799 15.62 24.083 12.042 24.739 21.541 12.207 17.692 8.944 13.601 9.22 6.325 8.246 8.544 13.038 11.402 14.142 16.125 16.279 31.241 21.471 19.723 18.385 27.203 18.439 24.759 15.652 20.1 38.833 14.142 15.0 11.402 46.4 41.231 37.483 44.102 34.828 43.046 38.833 41.593 36.056 34.713 34.059 34.176 32.757 31.78 31.064 28.636 29.833 79.906 79.31 38.897 76.942 37.656 37.014 74.33 56.08 62.032 72.007 71.063 69.354 60.415 57.489 56.321 70.114 51.662 48.166 52.202 45.651 45.88 47.539 66.708 30.529 63.253 59.666 46.043 61.522 53.413 54.452 58.052 44.944
26.907 7.81 13.0 4.123 4.472 16.763 50.478 0.0 26.0 30.0 23.345 23.022 36.249 36.346 39.0 39.294 40.853 40.311 43.29 44.147 34.409 31.305 34.986 44.181 38.588 36.222 50.636 39.357 56.045 42.942 40.853 59.405 56.604 58.31 55.902 63.514 58.6 63.53 65.299 63.159 56.462 44.418 45.486 43.012 56.356 48.826 51.0 44.822 37.202 50.99 49.679 51.856 48.104 66.491 62.097 57.28 67.446 58.523 68.007 63.246 68.949 40.792 35.903 31.048 41.231 47.127 36.688 31.953 43.081 37.336 54.489 50.931 40.311 52.498 35.355 13.928 47.424 28.653 36.056 49.406 52.479 44.204 22.672 20.518 16.971 36.878 17.0 24.739 12.207 6.325 15.133 10.198 17.493 20.0 13.892 10.77 30.265 15.133 5.0 10.44 15.297 90.907
11.662 23.431 14.866 29.411 26.683 9.434 25.456 26.0 0.0 11.662 6.083 9.055 26.571 19.209 27.731 24.413 28.653 21.932 24.207 27.586 10.77 5.657 10.0 20.881 13.454 13.416 26.077 13.601 30.414 17.205 14.866 34.655 31.241 32.802 30.017 38.288 32.65 37.736 39.446 37.162 42.048 28.018 28.018 25.02 40.05 30.265 35.0 25.318 20.1 42.379 29.12 31.321 26.571 55.902 50.636 45.706 55.326 45.177 55.145 50.16 55.009 34.0 29.682 25.612 33.106 36.401 28.178 23.854 31.048 27.313 67.978 65.924 35.511 65.299 31.401 12.083 61.327 40.853 48.332 60.902 61.855 56.798 41.304 38.328 36.056 53.852 32.388 33.106 31.0 22.361 26.476 26.0 41.4 8.246 38.013 34.409 34.409 36.069 28.302 29.0 32.65 68.964
23.324 24.515 17.0 34.015 32.249 14.866 30.463 30.0 11.662 0.0 8.062 7.071 15.297 7.81 16.155 12.806 17.0 11.18 13.928 16.401 20.1 14.142 18.0 14.56 20.224 7.211 21.541 18.682 28.302 21.541 17.0 39.357 34.986 36.056 32.016 41.881 33.971 39.699 41.037 37.537 52.612 38.639 38.328 35.355 50.16 40.05 45.398 35.057 31.048 53.852 38.053 40.112 35.128 66.94 61.612 56.754 66.098 55.902 65.765 60.828 65.376 45.651 41.34 37.202 44.721 47.76 39.825 35.511 42.379 38.91 78.032 75.591 47.17 75.472 43.012 17.72 71.197 50.606 58.31 71.281 72.622 66.888 49.336 46.487 43.681 62.769 40.853 43.267 38.328 28.636 35.341 33.526 41.785 18.439 38.897 35.44 45.343 35.341 30.414 28.792 30.887 75.392
16.763 19.235 10.77 27.166 25.0 7.071 30.61 23.345 6.083 8.062 0.0 3.0 21.471 15.811 23.022 20.518 24.207 19.235 21.932 24.413 16.763 11.18 15.652 21.0 18.868 13.0 27.295 18.439 32.894 21.932 18.601 39.825 36.069 37.483 34.205 43.139 36.62 42.012 43.6 40.817 48.01 34.0 34.059 31.064 46.098 36.346 41.012 31.401 26.019 47.802 35.171 37.363 32.573 61.66 56.436 51.478 61.205 51.088 61.074 56.08 61.0 39.0 34.438 30.017 38.275 41.976 33.242 28.636 36.674 32.573 69.971 67.535 40.249 67.417 35.847 10.05 63.135 42.544 50.249 63.246 64.661 58.83 41.485 38.601 35.903 54.781 32.894 35.228 30.594 21.095 27.313 25.71 37.216 10.63 34.0 30.414 37.483 31.401 24.698 24.413 27.586 74.706
19.647 18.028 10.05 27.0 25.179 8.062 33.015 23.022 9.055 7.071 3.0 0.0 18.868 14.318 20.616 18.601 21.932 18.028 20.881 22.825 19.647 13.928 18.385 21.213 21.471 13.342 27.893 20.809 34.015 24.207 20.518 42.202 38.288 39.623 36.125 45.343 38.419 43.932 45.453 42.438 51.01 37.0 37.054 34.059 49.092 39.319 44.011 34.366 29.017 50.695 38.079 40.262 35.44 64.63 59.414 54.452 64.195 54.083 64.07 59.076 64.0 41.785 37.162 32.65 41.11 44.911 36.056 31.385 39.623 35.44 71.561 68.964 42.953 69.065 38.471 10.77 64.661 44.102 51.865 65.0 66.603 60.465 42.379 39.56 36.688 55.946 34.015 37.014 31.321 21.587 28.653 26.571 35.777 13.038 32.696 29.155 39.623 29.682 23.77 22.825 25.612 77.369
38.079 28.792 25.0 40.311 39.825 26.249 43.932 36.249 26.571 15.297 21.471 18.868 0.0 10.44 3.0 7.071 5.0 12.207 14.142 11.18 35.355 29.428 33.136 21.954 35.0 19.235 28.601 33.061 36.62 35.355 30.414 52.202 47.434 48.104 43.463 53.852 44.721 50.537 51.478 47.17 67.897 53.935 53.6 50.636 65.376 55.227 60.671 50.249 46.325 68.949 53.009 55.0 50.0 82.225 76.903 72.035 81.394 71.197 81.049 76.118 80.623 60.415 55.902 51.478 59.615 62.936 54.626 50.09 57.567 53.852 89.022 86.023 61.717 86.683 57.306 28.284 82.006 61.717 69.527 82.879 84.853 78.102 58.31 55.758 52.479 72.402 50.804 55.154 47.17 37.443 46.098 43.012 42.0 31.906 40.112 37.336 58.258 35.0 34.482 30.414 30.0 88.6
30.806 30.0 23.537 40.447 39.051 22.361 33.541 36.346 19.209 7.81 15.811 14.318 10.44 0.0 10.0 5.385 10.198 4.0 7.0 8.602 26.249 20.616 23.77 12.042 25.179 9.0 19.105 23.022 26.907 25.08 20.1 41.761 37.0 37.696 33.106 43.463 34.482 40.311 41.34 37.202 58.694 44.922 44.385 41.485 55.902 45.706 51.42 40.792 37.696 60.836 43.186 45.1 40.112 73.376 68.007 63.246 72.277 62.097 71.805 66.94 71.197 53.0 48.826 44.822 51.971 54.626 47.17 43.012 49.244 46.141 85.755 83.241 54.644 83.217 50.606 25.08 78.892 58.31 66.038 79.057 80.43 74.626 56.648 53.852 50.922 70.264 48.332 51.039 45.541 35.735 42.942 40.853 46.098 26.249 43.566 40.311 53.151 39.294 36.0 33.377 34.482 78.16
39.357 31.623 27.459 43.081 42.485 28.284 43.417 39.0 27.731 16.155 23.022 20.616 3.0 10.0 0.0 5.385 2.0 10.77 12.207 8.602 35.903 30.083 33.541 20.616 35.128 19.0 26.926 33.015 34.986 35.057 30.067 51.42 46.573 47.127 42.379 52.811 43.463 49.244 50.09 45.651 68.447 54.571 54.129 51.196 65.765 55.579 61.188 50.636 47.127 70.007 53.151 55.082 50.09 82.97 77.621 72.801 82.0 71.805 81.584 76.688 81.049 61.717 57.306 53.0 60.836 63.906 55.902 51.478 58.523 55.036 91.4 88.482 63.135 89.022 58.83 30.48 84.404 64.031 71.84 85.147 87.0 80.43 60.902 58.31 55.073 74.947 53.254 57.315 49.739 39.962 48.415 45.486 45.0 33.601 43.105 40.311 60.208 38.0 37.363 33.377 33.0 87.801
36.056 32.388 26.926 43.417 42.379 26.627 38.21 39.294 24.413 12.806 20.518 18.601 7.071 5.385 5.385 0.0 5.0 5.385 7.071 5.0 31.623 26.0 29.12 15.232 30.414 14.142 21.633 28.16 29.682 30.0 25.0 46.098 41.231 41.761 37.0 47.434 38.079 43.863 44.721 40.311 64.031 50.289 49.729 46.84 61.188 50.99 56.754 46.098 43.081 66.212 48.374 50.249 45.277 78.746 73.376 68.622 77.621 67.446 77.13 72.277 76.485 58.31 54.083 50.0 57.306 60.008 52.479 48.26 54.626 51.478 90.139 87.464 59.908 87.658 55.803 29.155 83.217 62.682 70.456 83.6 85.147 79.057 60.415 57.697 54.626 74.243 52.355 55.606 49.244 39.395 47.17 44.721 47.265 31.113 45.044 42.0 58.0 40.311 38.328 35.0 35.355 82.462
40.311 33.526 29.155 44.944 44.283 29.732 43.186 40.853 28.653 17.0 24.207 21.932 5.0 10.198 2.0 5.0 0.0 10.198 11.18 7.071 36.401 30.676 33.956 19.925 35.355 19.105 25.942 33.136 34.0 35.0 30.0 50.99 46.098 46.573 41.761 52.202 42.72 48.466 49.244 44.721 68.884 55.082 54.571 51.662 66.098 55.902 61.612 50.99 47.76 70.774 53.339 55.227 50.249 83.522 78.16 73.376 82.462 72.277 82.0 77.13 81.394 62.65 58.31 54.083 61.717 64.622 56.824 52.479 59.237 55.902 93.005 90.139 64.14 90.604 59.908 32.016 86.023 65.605 73.41 86.683 88.459 82.006 62.65 60.033 56.824 76.662 54.918 58.796 51.478 41.677 50.0 47.17 47.0 34.828 45.1 42.297 61.555 40.0 39.294 35.355 35.0 87.321
33.302 34.0 27.459 44.407 42.953 26.0 33.061 40.311 21.932 11.18 19.235 18.028 12.207 4.0 10.77 5.385 10.198 0.0 3.0 5.831 27.731 22.472 25.08 9.849 25.962 9.849 16.401 23.537 24.413 25.08 20.1 40.792 35.903 36.401 31.623 42.059 32.696 38.484 39.357 34.986 59.775 46.239 45.541 42.72 56.754 46.573 52.498 41.761 39.357 62.65 43.738 45.541 40.608 74.673 69.289 64.622 73.376 63.246 72.801 68.007 72.035 55.218 51.225 47.424 54.083 56.356 49.406 45.453 51.0 48.26 89.185 86.77 57.009 86.608 53.151 28.792 82.365 61.774 69.462 82.377 83.6 78.032 60.407 57.585 54.708 73.926 52.0 54.378 49.336 39.56 46.519 44.598 50.01 29.411 47.518 44.283 56.223 43.174 40.0 37.336 38.328 77.13
35.355 37.0 30.414 47.381 45.891 28.792 33.015 43.29 24.207 13.928 21.932 20.881 14.142 7.0 12.207 7.071 11.18 3.0 0.0 5.0 29.155 24.207 26.42 9.055 26.926 11.402 14.765 24.352 22.825 25.495 20.616 40.311 35.355 35.693 30.806 41.231 31.623 37.336 38.079 33.541 60.745 47.424 46.615 43.863 57.567 47.434 53.488 42.72 40.817 64.14 44.385 46.098 41.231 75.769 70.385 65.795 74.33 64.257 73.682 68.949 72.801 57.009 53.151 49.497 55.803 57.801 51.225 47.424 52.479 50.0 91.788 89.443 58.898 89.185 55.172 31.623 85.0 64.413 72.069 84.906 86.023 80.623 63.246 60.407 57.567 76.694 54.781 56.939 52.202 42.45 49.244 47.434 52.953 31.906 50.488 47.265 58.6 46.098 43.0 40.311 41.231 76.485
39.051 37.336 31.623 48.27 47.127 30.887 38.013 44.147 27.586 16.401 24.413 22.825 11.18 8.602 8.602 5.0 7.071 5.831 5.0 0.0 33.541 28.302 30.871 14.036 31.623 15.652 19.313 29.12 27.313 30.414 25.495 45.277 40.311 40.608 35.693 46.098 36.401 42.059 42.72 38.079 65.46 52.0 51.264 48.466 62.362 52.202 58.189 47.434 45.177 68.476 49.244 50.99 46.098 80.411 75.027 70.385 79.057 68.949 78.447 73.682 77.621 61.033 57.009 53.151 59.908 62.177 55.218 51.225 56.824 54.083 94.34 91.788 62.801 91.81 58.898 33.541 87.464 66.888 74.626 87.658 89.022 83.217 65.0 62.241 59.237 78.721 56.798 59.641 53.852 44.011 51.478 49.244 52.24 34.828 50.04 47.0 61.717 45.277 43.29 40.0 40.311 81.394
10.0 33.302 25.0 37.216 34.0 19.209 16.125 34.409 10.77 20.1 16.763 19.647 35.355 26.249 35.903 31.623 36.401 27.731 29.155 33.541 0.0 6.0 2.828 22.627 5.0 17.889 25.06 7.28 26.476 10.0 11.18 25.0 22.361 24.166 22.561 29.155 25.495 29.732 31.623 30.414 32.558 18.682 18.248 15.297 30.067 20.0 25.318 15.0 11.662 34.986 18.439 20.616 15.811 47.127 41.761 37.0 46.098 35.903 45.706 40.792 45.277 28.284 25.0 22.361 26.907 28.653 22.672 19.723 23.324 21.213 68.007 66.708 30.48 65.146 27.459 21.213 61.847 42.297 49.031 60.407 60.415 57.009 45.277 42.297 40.792 56.143 36.346 34.234 36.401 29.53 30.414 31.623 50.931 14.422 47.424 43.863 33.526 46.098 37.537 39.051 43.012 58.31
11.662 29.069 20.518 34.54 31.623 15.0 19.799 31.305 5.657 14.142 11.18 13.928 29.428 20.616 30.083 26.0 30.676 22.472 24.207 28.302 6.0 0.0 4.472 18.868 7.81 12.806 22.804 8.062 26.019 11.662 10.05 29.0 25.612 27.203 24.597 32.65 27.313 32.249 34.0 31.953 38.471 24.515 24.187 21.213 36.056 26.0 31.257 21.0 17.088 40.249 24.331 26.476 21.587 52.887 47.539 42.72 51.971 41.773 51.624 46.69 51.245 32.802 29.0 25.612 31.623 34.015 27.019 23.345 28.636 25.807 70.007 68.308 34.713 67.231 31.145 17.493 63.569 43.417 50.596 62.65 63.135 58.873 45.011 42.012 40.05 56.886 36.014 35.44 35.228 27.203 30.017 30.265 47.011 12.166 43.6 40.0 35.777 41.725 33.838 34.655 38.288 63.53
12.166 33.242 24.759 38.013 34.928 19.105 15.62 34.986 10.0 18.0 15.652 18.385 33.136 23.77 33.541 29.12 33.956 25.08 26.42 30.871 2.828 4.472 0.0 19.799 3.606 15.232 22.361 5.0 24.187 8.246 8.544 24.759 21.633 23.324 21.19 28.601 24.042 28.636 30.463 28.862 34.928 21.19 20.616 17.72 32.249 22.091 27.659 17.117 14.422 37.736 20.1 22.204 17.263 49.649 44.272 39.56 48.508 38.328 48.052 43.174 47.518 31.113 27.803 25.06 29.732 31.385 25.495 22.472 26.077 24.042 70.52 69.123 33.302 67.676 30.232 21.401 64.288 44.553 51.42 62.968 63.071 59.481 47.096 44.102 42.426 58.31 38.118 36.497 37.855 30.463 32.14 32.985 51.088 15.232 47.634 44.045 36.056 45.967 37.802 38.897 42.638 59.059
30.529 39.051 31.257 48.094 46.0 28.018 24.083 44.181 20.881 14.56 21.0 21.213 21.954 12.042 20.616 15.232 19.925 9.849 9.055 14.036 22.627 18.868 19.799 0.0 19.416 8.0 7.211 16.643 14.866 17.088 12.53 31.257 26.306 26.683 21.84 32.28 22.847 28.636 29.53 25.239 52.802 39.962 38.949 36.359 49.396 39.395 45.618 34.886 34.059 57.201 36.056 37.643 32.894 67.978 62.61 58.181 66.31 56.365 65.552 60.926 64.514 50.912 47.508 44.407 49.518 50.804 45.277 42.012 45.607 43.841 88.64 86.729 53.075 85.907 49.82 31.016 82.079 61.685 69.08 81.394 81.988 77.473 61.984 59.034 56.569 74.726 53.151 53.852 51.352 42.048 47.297 46.39 56.303 29.12 53.451 50.0 54.589 49.769 44.911 43.324 45.188 67.469
15.0 36.797 28.284 41.593 38.484 22.672 12.042 38.588 13.454 20.224 18.868 21.471 35.0 25.179 35.128 30.414 35.355 25.962 26.926 31.623 5.0 7.81 3.606 19.416 0.0 16.279 20.809 2.828 21.587 5.0 7.071 21.213 18.028 19.723 17.72 25.0 20.616 25.08 26.926 25.495 33.838 20.591 19.698 17.0 30.806 20.616 26.571 15.811 14.866 37.802 18.028 20.0 15.0 48.847 43.463 38.91 47.434 37.336 46.84 42.059 46.098 32.016 29.155 26.926 30.48 31.401 26.627 24.166 26.249 25.0 72.801 71.589 34.409 69.921 31.765 25.0 66.708 47.265 53.935 65.146 65.0 61.847 50.249 47.265 45.706 61.131 41.304 39.205 41.231 34.015 35.355 36.401 54.672 18.788 51.225 47.634 38.328 49.497 41.4 42.426 46.098 55.902
24.083 31.321 23.345 40.112 38.0 20.025 24.739 36.222 13.416 7.211 13.0 13.342 19.235 9.0 19.0 14.142 19.105 9.849 11.402 15.652 17.889 12.806 15.232 8.0 16.279 0.0 14.56 14.036 21.095 16.125 11.18 33.242 28.636 29.53 25.239 35.355 27.019 32.802 34.059 30.414 50.0 36.401 35.735 32.894 47.074 36.878 42.72 32.016 29.53 52.839 34.234 36.125 31.145 64.846 59.464 54.781 63.6 53.451 63.063 58.241 62.37 45.607 41.773 38.21 44.407 46.53 39.825 36.069 41.183 38.601 81.394 79.31 47.508 78.715 43.841 23.022 74.733 54.231 61.741 74.303 75.166 70.214 54.129 51.196 48.662 67.052 45.354 46.519 43.417 34.059 39.56 38.471 48.847 21.541 45.88 42.379 47.707 42.485 37.108 35.847 38.079 69.57
34.176 45.88 37.855 54.452 52.154 34.132 21.541 50.636 26.077 21.541 27.295 27.893 28.601 19.105 26.926 21.633 25.942 16.401 14.765 19.313 25.06 22.804 22.361 7.211 20.809 14.56 0.0 18.028 8.062 16.971 13.892 27.074 22.091 22.0 17.0 27.166 17.263 22.804 23.409 18.788 52.154 40.361 39.051 36.797 48.374 38.833 45.222 34.828 35.609 58.0 34.986 36.235 31.906 67.417 62.129 58.009 65.368 55.758 64.413 60.033 63.071 52.802 49.93 47.413 51.225 51.624 47.434 44.777 46.69 45.804 92.698 91.093 55.218 89.889 52.479 37.121 86.331 66.219 73.376 85.235 85.428 81.597 67.365 64.382 62.129 79.624 58.421 58.241 57.035 48.042 52.469 52.038 63.325 34.234 60.407 56.921 58.31 56.859 51.662 50.329 52.326 62.514
17.117 37.014 28.425 42.544 39.56 23.022 12.207 39.357 13.601 18.682 18.439 20.809 33.061 23.022 33.015 28.16 33.136 23.537 24.352 29.12 7.28 8.062 5.0 16.643 2.828 14.036 18.028 0.0 19.235 3.606 4.243 21.401 17.692 19.209 16.553 24.759 19.313 24.187 25.942 24.042 36.401 23.324 22.361 19.723 33.242 23.087 29.155 18.385 17.692 40.608 20.224 22.091 17.117 51.478 46.098 41.593 49.98 39.925 49.336 44.598 48.508 34.828 31.906 29.547 33.302 34.205 29.411 26.833 29.069 27.803 75.286 73.98 37.202 72.422 34.482 25.554 69.123 49.497 56.294 67.676 67.624 64.288 52.086 49.092 47.381 63.285 43.105 41.437 42.755 35.114 37.121 37.855 55.0 19.925 51.614 48.01 40.804 49.578 41.881 42.521 45.967 56.859
36.346 52.0 43.658 59.666 57.07 39.294 17.692 56.045 30.414 28.302 32.894 34.015 36.62 26.907 34.986 29.682 34.0 24.413 22.825 27.313 26.476 26.019 24.187 14.866 21.587 21.095 8.062 19.235 0.0 16.763 16.0 20.881 16.155 15.524 10.77 20.025 10.05 15.133 15.524 10.77 48.918 38.601 37.014 35.228 44.822 36.069 42.426 32.802 35.341 56.223 31.828 32.65 29.0 64.031 58.898 55.172 61.612 52.498 60.465 56.4 58.83 52.355 50.16 48.384 50.606 50.0 47.424 45.541 45.486 45.618 94.372 93.172 55.009 91.482 52.924 42.202 88.295 68.731 75.505 86.683 86.377 83.433 71.0 68.0 66.068 82.492 62.0 60.671 61.205 52.773 56.0 56.223 69.778 38.118 66.708 63.159 59.908 63.53 57.585 56.798 59.169 55.145
20.0 40.608 32.016 46.098 43.081 26.627 8.944 42.942 17.205 21.541 21.932 24.207 35.355 25.08 35.057 30.0 35.0 25.08 25.495 30.414 10.0 11.662 8.246 17.088 5.0 16.125 16.971 3.606 16.763 0.0 5.0 18.028 14.142 15.62 13.0 21.213 15.811 20.591 22.361 20.616 35.777 23.431 22.204 19.849 32.311 22.361 28.653 18.028 18.868 41.037 18.974 20.616 15.811 51.0 45.651 41.34 49.244 39.357 48.466 43.863 47.434 36.056 33.541 31.623 34.409 34.655 30.887 28.792 29.732 29.155 77.621 76.485 38.588 74.726 36.249 29.155 71.589 52.24 58.856 69.921 69.642 66.708 55.227 52.24 50.636 66.121 46.271 44.181 46.098 38.626 40.311 41.231 58.6 23.409 55.218 51.614 43.174 53.151 45.486 46.098 49.497 53.852
20.616 37.736 29.155 44.272 41.485 24.166 13.601 40.853 14.866 17.0 18.601 20.518 30.414 20.1 30.067 25.0 30.0 20.1 20.616 25.495 11.18 10.05 8.544 12.53 7.071 11.18 13.892 4.243 16.0 5.0 0.0 22.361 18.028 19.209 15.62 25.0 18.028 23.431 25.0 22.361 40.311 27.459 26.42 23.854 37.0 26.926 33.106 22.361 21.932 44.822 23.77 25.495 20.616 55.462 50.09 45.651 53.852 43.863 53.141 48.466 52.202 39.051 36.056 33.541 37.537 38.419 33.601 30.887 33.302 32.016 79.057 77.621 41.4 76.217 38.588 26.926 72.801 52.953 59.908 71.512 71.589 68.007 55.0 52.0 50.09 66.611 46.0 44.911 45.277 37.108 40.0 40.311 55.758 22.204 52.479 48.877 44.598 50.0 42.942 43.012 46.098 58.523
33.541 58.0 49.497 62.129 58.83 43.863 9.22 59.405 34.655 39.357 39.825 42.202 52.202 41.761 51.42 46.098 50.99 40.792 40.311 45.277 25.0 29.0 24.759 31.257 21.213 33.242 27.074 21.401 20.881 18.028 22.361 0.0 5.0 5.385 10.198 5.0 11.18 9.434 11.18 14.142 31.064 25.179 23.195 23.0 26.627 20.616 26.0 20.0 26.476 40.853 16.279 15.811 15.0 45.343 40.608 37.736 42.426 34.409 41.037 37.537 39.051 40.311 40.0 40.311 38.328 35.44 37.0 37.336 32.388 35.0 85.147 85.0 43.29 82.152 43.0 46.098 80.0 62.801 68.184 77.162 75.664 75.0 68.007 65.146 64.257 76.792 59.464 55.109 60.415 54.378 53.852 55.902 75.822 39.408 72.346 68.768 52.24 70.711 62.482 63.64 67.268 36.401
31.623 54.672 46.098 59.54 56.356 40.608 6.325 56.604 31.241 34.986 36.069 38.288 47.434 37.0 46.573 41.231 46.098 35.903 35.355 40.311 22.361 25.612 21.633 26.306 18.028 28.636 22.091 17.692 16.155 14.142 18.028 5.0 0.0 2.0 5.385 7.071 7.071 8.0 10.0 11.18 34.059 26.249 24.352 23.537 29.732 22.361 28.302 20.616 26.0 42.942 17.889 18.028 15.811 48.795 43.863 40.608 46.098 37.537 44.822 41.037 43.012 41.231 40.311 40.0 39.294 37.162 37.336 37.0 33.526 35.355 85.586 85.147 44.147 82.608 43.29 43.012 80.156 62.201 68.0 77.647 76.485 75.166 66.708 63.789 62.642 76.236 57.974 54.332 58.523 51.884 52.202 53.852 72.622 36.715 69.203 65.605 52.0 67.268 59.405 60.208 63.64 41.231
33.526 56.223 47.634 61.294 58.138 42.202 8.246 58.31 32.802 36.056 37.483 39.623 48.104 37.696 47.127 41.761 46.573 36.401 35.693 40.608 24.166 27.203 23.324 26.683 19.723 29.53 22.0 19.209 15.524 15.62 19.209 5.385 2.0 0.0 5.0 5.831 5.831 6.0 8.0 9.434 35.609 28.16 26.249 25.495 31.241 24.166 30.017 22.561 28.0 44.721 19.698 19.723 17.72 50.21 45.343 42.202 47.424 39.051 46.098 42.426 44.204 43.174 42.297 42.0 41.231 39.0 39.319 39.0 35.44 37.336 87.573 87.144 46.098 84.593 45.277 44.654 82.152 64.195 70.0 79.63 78.447 77.162 68.659 65.734 64.56 78.23 59.908 56.321 60.407 53.666 54.12 55.714 74.202 38.471 70.803 67.201 54.0 68.768 61.033 61.717 65.069 40.792
32.388 53.254 44.654 59.093 56.08 39.446 8.544 55.902 30.017 32.016 34.205 36.125 43.463 33.106 42.379 37.0 41.761 31.623 30.806 35.693 22.561 24.597 21.19 21.84 17.72 25.239 17.0 16.553 10.77 13.0 15.62 10.198 5.385 5.0 0.0 10.44 3.0 7.81 9.434 8.0 38.897 29.967 28.178 26.926 34.655 26.627 32.802 24.166 28.443 47.17 22.204 22.672 19.723 53.814 48.795 45.343 51.225 42.426 50.0 46.098 48.26 44.598 43.174 42.297 42.72 41.183 40.262 39.319 37.162 38.328 88.284 87.573 47.434 85.329 46.098 42.059 82.608 64.0 70.178 80.411 79.555 77.647 67.742 64.777 63.348 78.006 58.856 56.009 58.941 51.624 52.953 54.12 71.281 36.401 67.956 64.351 54.231 65.605 58.31 58.6 61.717 45.706
38.079 61.717 53.151 66.37 63.135 47.634 13.038 63.514 38.288 41.881 43.139 45.343 53.852 43.463 52.811 47.434 52.202 42.059 41.231 46.098 29.155 32.65 28.601 32.28 25.0 35.355 27.166 24.759 20.025 21.213 25.0 5.0 7.071 5.831 10.44 0.0 10.0 5.831 7.071 11.18 35.355 30.15 28.16 28.0 30.887 25.495 30.676 25.0 31.401 45.541 21.213 20.616 20.0 49.204 44.654 42.059 46.098 38.588 44.598 41.4 42.426 45.277 45.0 45.277 43.29 40.262 42.0 42.297 37.336 40.0 90.139 90.0 48.26 87.144 48.0 50.0 85.0 67.742 73.171 82.152 80.623 80.0 72.801 69.921 68.949 81.744 64.195 60.017 65.0 58.669 58.523 60.415 79.649 43.566 76.217 72.622 57.219 74.33 66.4 67.268 70.711 35.355
35.355 55.758 47.17 61.847 58.873 42.059 11.402 58.6 32.65 33.971 36.62 38.419 44.721 34.482 43.463 38.079 42.72 32.696 31.623 36.401 25.495 27.313 24.042 22.847 20.616 27.019 17.263 19.313 10.05 15.811 18.028 11.18 7.071 5.831 3.0 10.0 0.0 5.831 7.071 5.0 41.11 32.696 30.871 29.732 36.797 29.155 35.228 26.926 31.401 49.739 24.698 25.0 22.361 55.866 50.931 47.634 53.151 44.598 51.856 48.104 50.0 47.434 46.098 45.277 45.541 43.829 43.174 42.297 39.925 41.231 91.241 90.554 50.289 88.284 49.031 44.721 85.586 67.0 73.171 83.361 82.462 80.623 70.711 67.742 66.287 81.006 61.814 59.008 61.847 54.424 55.902 57.009 73.783 39.217 70.491 66.888 57.219 68.007 60.902 61.033 64.031 45.277
39.294 61.033 52.431 66.641 63.561 47.17 14.142 63.53 37.736 39.699 42.012 43.932 50.537 40.311 49.244 43.863 48.466 38.484 37.336 42.059 29.732 32.249 28.636 28.636 25.08 32.802 22.804 24.187 15.133 20.591 23.431 9.434 8.0 6.0 7.81 5.831 5.831 0.0 2.0 5.385 40.497 33.956 32.016 31.401 36.056 29.732 35.341 28.443 34.0 50.16 25.298 25.08 23.537 54.672 50.0 47.17 51.662 43.829 50.21 46.861 48.104 49.031 48.26 48.0 47.074 44.598 45.277 45.0 41.231 43.29 93.536 93.134 51.971 90.554 51.245 49.739 88.142 70.178 76.0 85.586 84.345 83.15 74.525 71.589 70.342 84.214 65.734 62.29 66.098 59.093 59.908 61.351 79.057 43.863 75.717 72.111 60.0 73.41 66.038 66.4 69.527 40.05
41.231 62.682 54.083 68.447 65.391 48.877 16.125 65.299 39.446 41.037 43.6 45.453 51.478 41.34 50.09 44.721 49.244 39.357 38.079 42.72 31.623 34.0 30.463 29.53 26.926 34.059 23.409 25.942 15.524 22.361 25.0 11.18 10.0 8.0 9.434 7.071 7.071 2.0 0.0 5.0 42.19 35.903 33.956 33.377 37.736 31.623 37.162 30.414 36.0 52.0 27.203 26.926 25.495 56.223 51.614 48.877 53.151 45.486 51.662 48.415 49.497 50.99 50.249 50.0 49.031 46.487 47.265 47.0 43.174 45.277 95.525 95.131 53.935 92.542 53.235 51.478 90.139 72.173 78.0 87.573 86.313 85.147 76.485 73.546 72.277 86.209 67.683 64.281 68.007 60.926 61.847 63.246 80.709 45.695 77.389 73.783 62.0 75.0 67.742 68.007 71.063 40.0
40.311 60.033 51.478 66.483 63.569 46.519 16.279 63.159 37.162 37.537 40.817 42.438 47.17 37.202 45.651 40.311 44.721 34.986 33.541 38.079 30.414 31.953 28.862 25.239 25.495 30.414 18.788 24.042 10.77 20.616 22.361 14.142 11.18 9.434 8.0 11.18 5.0 5.385 5.0 0.0 45.0 37.336 35.468 34.482 40.608 33.541 39.446 31.623 36.346 54.12 29.069 29.155 26.926 59.464 54.672 51.614 56.569 48.415 55.172 51.662 53.151 52.202 50.99 50.249 50.289 48.332 48.052 47.265 44.598 46.098 96.177 95.525 55.082 93.215 53.935 49.244 90.554 72.0 78.16 88.284 87.321 85.586 75.664 72.691 71.197 86.006 66.753 64.008 66.708 59.135 60.828 61.847 78.032 43.966 74.793 71.197 62.201 72.111 65.299 65.192 68.007 45.0
32.249 59.203 52.773 57.245 53.666 47.381 31.241 56.462 42.048 52.612 48.01 51.01 67.897 58.694 68.447 64.031 68.884 59.775 60.745 65.46 32.558 38.471 34.928 52.802 33.838 50.0 52.154 36.401 48.918 35.777 40.311 31.064 34.059 35.609 38.897 35.355 41.11 40.497 42.19 45.0 0.0 14.036 14.318 17.263 4.472 13.416 7.28 18.028 22.0 12.166 17.205 16.279 20.248 15.264 10.0 6.708 13.601 3.606 13.153 8.246 13.038 18.439 22.023 26.077 16.971 10.63 20.248 24.597 13.416 19.235 60.208 61.4 20.809 57.271 24.042 47.854 56.613 45.0 47.413 52.393 49.497 51.865 53.759 51.624 52.498 57.306 47.634 39.598 51.039 50.16 44.102 48.374 73.824 40.447 70.264 67.231 34.059 71.169 61.098 64.846 69.642 40.249
18.682 46.239 39.294 45.804 42.202 33.734 21.471 44.418 28.018 38.639 34.0 37.0 53.935 44.922 54.571 50.289 55.082 46.239 47.424 52.0 18.682 24.515 21.19 39.962 20.591 36.401 40.361 23.324 38.601 23.431 27.459 25.179 26.249 28.16 29.967 30.15 32.696 33.956 35.903 37.336 14.036 0.0 2.0 3.606 12.369 5.385 7.071 5.831 8.062 17.692 9.0 10.198 10.44 28.46 23.087 18.385 27.459 17.263 27.166 22.204 27.0 15.133 15.297 17.0 13.153 11.402 12.369 14.422 7.28 10.44 60.033 60.075 18.111 57.035 18.248 34.482 55.082 39.217 43.738 52.038 50.488 50.09 46.141 43.566 43.6 52.887 38.601 32.202 41.037 38.275 33.971 37.537 61.911 26.926 58.31 55.073 28.16 58.6 48.765 52.0 56.648 47.424
19.313 47.011 39.85 47.011 43.417 34.205 19.723 45.486 28.018 38.328 34.059 37.054 53.6 44.385 54.129 49.729 54.571 45.541 46.615 51.264 18.248 24.187 20.616 38.949 19.698 35.735 39.051 22.361 37.014 22.204 26.42 23.195 24.352 26.249 28.178 28.16 30.871 32.016 33.956 35.468 14.318 2.0 0.0 3.0 12.042 3.606 7.071 4.243 8.544 19.209 7.0 8.246 8.544 29.155 23.77 19.235 27.893 17.72 27.459 22.561 27.074 17.117 17.263 18.788 15.133 13.038 14.318 16.125 9.22 12.369 62.032 62.073 20.1 59.034 20.224 35.114 57.079 41.11 45.706 54.037 52.469 52.086 47.885 45.277 45.222 54.818 40.224 34.015 42.521 39.408 35.468 38.897 62.968 27.514 59.363 56.08 30.083 59.481 49.739 52.802 57.385 45.967
16.553 44.283 37.0 44.688 41.11 31.321 18.385 43.012 25.02 35.355 31.064 34.059 50.636 41.485 51.196 46.84 51.662 42.72 43.863 48.466 15.297 21.213 17.72 36.359 17.0 32.894 36.797 19.723 35.228 19.849 23.854 23.0 23.537 25.495 26.926 28.0 29.732 31.401 33.377 34.482 17.263 3.606 3.0 0.0 15.033 5.831 10.05 3.0 5.831 21.213 7.616 9.434 8.0 31.953 26.571 21.932 30.806 20.616 30.414 25.495 30.067 17.72 17.0 17.72 15.811 14.866 14.0 14.866 10.296 12.0 62.201 62.0 20.616 59.211 20.0 32.311 57.0 40.262 45.277 54.231 52.953 52.0 46.519 43.829 43.566 54.129 38.588 32.894 40.608 37.014 33.601 36.797 60.465 24.698 56.859 53.535 29.428 56.824 47.17 50.09 54.626 48.104
31.048 58.523 51.662 57.454 53.852 46.098 27.203 56.356 40.05 50.16 46.098 49.092 65.376 55.902 65.765 61.188 66.098 56.754 57.567 62.362 30.067 36.056 32.249 49.396 30.806 47.074 48.374 33.242 44.822 32.311 37.0 26.627 29.732 31.241 34.655 30.887 36.797 36.056 37.736 40.608 4.472 12.369 12.042 15.033 0.0 10.198 5.385 15.133 20.396 16.0 13.416 12.207 16.553 19.209 14.142 11.18 17.0 7.81 16.155 11.662 15.297 20.591 23.431 26.907 18.868 13.0 21.213 25.0 14.142 19.849 63.789 64.761 23.259 60.828 25.807 46.84 59.908 47.17 50.16 55.902 53.235 55.082 55.444 53.151 53.74 59.933 48.795 41.231 51.856 50.12 44.822 48.826 73.824 39.294 70.235 67.082 36.056 70.774 60.836 64.257 68.949 37.736
22.361 50.09 42.72 50.448 46.861 37.0 18.439 48.826 30.265 40.05 36.346 39.319 55.227 45.706 55.579 50.99 55.902 46.573 47.434 52.202 20.0 26.0 22.091 39.395 20.616 36.878 38.833 23.087 36.069 22.361 26.926 20.616 22.361 24.166 26.627 25.495 29.155 29.732 31.623 33.541 13.416 5.385 3.606 5.831 10.198 0.0 6.403 5.0 11.662 20.591 4.472 5.0 7.071 28.653 23.324 19.209 26.926 17.0 26.249 21.541 25.495 20.0 20.616 22.361 18.0 14.866 17.72 19.723 12.0 15.811 65.0 65.192 23.0 62.0 23.537 38.079 60.208 44.598 49.031 57.0 55.227 55.227 51.478 48.877 48.826 58.241 43.829 37.577 46.098 42.802 39.051 42.426 66.287 30.463 62.682 59.363 33.526 62.65 53.0 55.902 60.415 42.426
25.71 53.141 46.325 52.154 48.549 40.792 24.759 51.0 35.0 45.398 41.012 44.011 60.671 51.42 61.188 56.754 61.612 52.498 53.488 58.189 25.318 31.257 27.659 45.618 26.571 42.72 45.222 29.155 42.426 28.653 33.106 26.0 28.302 30.017 32.802 30.676 35.228 35.341 37.162 39.446 7.28 7.071 7.071 10.05 5.385 6.403 0.0 10.77 15.133 14.866 10.63 10.296 13.454 22.361 17.0 12.806 20.881 10.77 20.396 15.524 20.025 16.763 18.868 21.932 14.866 10.0 16.401 19.849 9.434 14.866 61.205 61.814 19.647 58.215 21.471 41.485 56.886 42.942 46.487 53.235 51.0 51.971 50.804 48.415 48.836 56.08 43.863 36.62 46.755 44.777 39.699 43.6 68.476 33.956 64.885 61.717 31.765 65.391 55.462 58.873 63.569 42.202
18.028 45.651 38.079 46.69 43.139 32.311 15.652 44.822 25.318 35.057 31.401 34.366 50.249 40.792 50.636 46.098 50.99 41.761 42.72 47.434 15.0 21.0 17.117 34.886 15.811 32.016 34.828 18.385 32.802 18.028 22.361 20.0 20.616 22.561 24.166 25.0 26.926 28.443 30.414 31.623 18.028 5.831 4.243 3.0 15.133 5.0 10.77 0.0 7.81 23.431 5.0 7.071 5.0 33.106 27.731 23.324 31.623 21.541 31.048 26.249 30.414 20.616 20.0 20.616 18.682 17.205 17.0 17.72 13.0 15.0 65.192 65.0 23.537 62.201 23.0 33.541 60.0 43.174 48.26 57.219 55.902 55.0 49.244 46.519 46.141 57.07 41.183 35.735 43.012 38.949 36.056 39.051 62.201 25.942 58.6 55.218 32.388 58.31 48.826 51.478 55.902 46.098
10.77 38.484 31.321 38.949 35.384 25.71 20.1 37.202 20.1 31.048 26.019 29.017 46.325 37.696 47.127 43.081 47.76 39.357 40.817 45.177 11.662 17.088 14.422 34.059 14.866 29.53 35.609 17.692 35.341 18.868 21.932 26.476 26.0 28.0 28.443 31.401 31.401 34.0 36.0 36.346 22.0 8.062 8.544 5.831 20.396 11.662 15.133 7.81 0.0 23.324 12.806 14.866 12.083 35.903 30.594 25.71 35.228 25.08 35.057 30.067 35.014 17.205 14.866 14.0 15.62 17.0 12.083 11.0 11.662 10.296 59.841 59.211 19.723 56.886 17.72 26.571 54.231 36.346 42.0 51.971 51.245 49.254 41.785 39.0 38.471 50.359 33.541 28.636 35.228 31.241 28.302 31.241 54.644 18.974 51.039 47.707 26.0 51.0 41.34 44.283 48.847 53.814
31.048 55.145 50.09 50.961 47.539 45.398 38.833 50.99 42.379 53.852 47.802 50.695 68.949 60.836 70.007 66.212 70.774 62.65 64.14 68.476 34.986 40.249 37.736 57.201 37.802 52.839 58.0 40.608 56.223 41.037 44.822 40.853 42.942 44.721 47.17 45.541 49.739 50.16 52.0 54.12 12.166 17.692 19.209 21.213 16.0 20.591 14.866 23.431 23.324 0.0 25.06 25.08 27.459 15.524 11.662 7.81 17.0 11.18 18.028 14.142 19.849 10.198 15.133 20.1 10.0 6.403 15.033 20.025 11.662 15.297 48.052 49.336 11.18 45.122 15.811 45.1 44.598 34.655 36.056 40.262 37.336 39.925 44.204 42.438 43.909 46.043 39.357 30.529 43.463 44.721 37.0 41.761 67.72 38.471 64.288 61.612 24.413 66.098 55.902 60.407 65.376 52.0
22.804 50.249 42.485 51.624 48.083 36.674 14.142 49.679 29.12 38.053 35.171 38.079 53.009 43.186 53.151 48.374 53.339 43.738 44.385 49.244 18.439 24.331 20.1 36.056 18.028 34.234 34.986 20.224 31.828 18.974 23.77 16.279 17.889 19.698 22.204 21.213 24.698 25.298 27.203 29.069 17.205 9.0 7.0 7.616 13.416 4.472 10.63 5.0 12.806 25.06 0.0 2.236 3.162 32.45 27.203 23.345 30.414 20.809 29.547 25.06 28.46 24.083 24.187 25.298 22.091 19.313 21.213 22.472 16.125 19.235 69.029 69.065 27.074 66.03 27.166 38.079 64.07 47.802 52.612 61.033 59.414 59.076 54.129 51.43 51.108 61.612 46.141 40.497 48.01 43.863 41.049 44.045 67.007 30.529 63.411 60.0 36.878 62.968 53.6 56.08 60.415 41.231
25.0 52.479 44.721 53.759 50.21 38.91 15.0 51.856 31.321 40.112 37.363 40.262 55.0 45.1 55.082 50.249 55.227 45.541 46.098 50.99 20.616 26.476 22.204 37.643 20.0 36.125 36.235 22.091 32.65 20.616 25.495 15.811 18.028 19.723 22.672 20.616 25.0 25.08 26.926 29.155 16.279 10.198 8.246 9.434 12.207 5.0 10.296 7.071 14.866 25.08 2.236 0.0 5.0 31.401 26.249 22.672 29.155 19.849 28.178 23.854 26.926 25.0 25.495 26.926 23.0 19.647 22.561 24.166 17.0 20.616 70.0 70.178 28.0 67.0 28.443 40.311 65.192 49.336 53.935 62.0 60.208 60.208 55.902 53.235 53.0 63.063 48.021 42.154 50.0 46.011 43.012 46.098 69.203 32.757 65.605 62.201 38.328 65.192 55.803 58.31 62.65 39.051
21.213 48.26 40.311 50.249 46.755 34.482 11.402 48.104 26.571 35.128 32.573 35.44 50.0 40.112 50.09 45.277 50.249 40.608 41.231 46.098 15.811 21.587 17.263 32.894 15.0 31.145 31.906 17.117 29.0 15.811 20.616 15.0 15.811 17.72 19.723 20.0 22.361 23.537 25.495 26.926 20.248 10.44 8.544 8.0 16.553 7.071 13.454 5.0 12.083 27.459 3.162 5.0 0.0 35.511 30.232 26.249 33.541 23.854 32.696 28.178 31.623 25.495 25.0 25.495 23.537 21.471 22.0 22.561 17.72 20.0 70.178 70.0 28.443 67.186 28.0 36.056 65.0 48.052 53.235 62.201 60.828 60.0 53.852 51.078 50.537 61.984 45.618 40.522 47.17 42.45 40.311 43.012 65.299 28.601 61.717 58.258 37.336 61.033 51.856 54.083 58.31 43.012
45.177 70.456 65.008 66.483 63.063 60.033 46.4 66.491 55.902 66.94 61.66 64.63 82.225 73.376 82.97 78.746 83.522 74.673 75.769 80.411 47.127 52.887 49.649 67.978 48.847 64.846 67.417 51.478 64.031 51.0 55.462 45.343 48.795 50.21 53.814 49.204 55.866 54.672 56.223 59.464 15.264 28.46 29.155 31.953 19.209 28.653 22.361 33.106 35.903 15.524 32.45 31.401 35.511 0.0 5.385 10.198 4.0 11.662 6.0 7.81 9.0 25.71 30.594 35.511 25.318 20.0 30.15 35.128 25.08 30.017 56.798 59.169 26.571 54.12 31.321 60.008 54.918 48.826 48.795 49.739 45.618 50.804 58.83 57.306 59.034 58.694 54.626 45.618 58.873 60.208 52.498 57.28 83.241 53.038 79.812 77.13 39.357 81.584 71.386 75.802 80.753 44.283
40.05 65.765 60.075 62.298 58.822 55.0 41.231 62.097 50.636 61.612 56.436 59.414 76.903 68.007 77.621 73.376 78.16 69.289 70.385 75.027 41.761 47.539 44.272 62.61 43.463 59.464 62.129 46.098 58.898 45.651 50.09 40.608 43.863 45.343 48.795 44.654 50.931 50.0 51.614 54.672 10.0 23.087 23.77 26.571 14.142 23.324 17.0 27.731 30.594 11.662 27.203 26.249 30.232 5.385 0.0 5.0 5.385 6.403 6.403 4.0 8.602 21.541 26.249 31.048 20.881 15.133 25.495 30.414 20.0 25.179 56.648 58.6 22.825 53.852 27.313 55.082 54.12 46.098 46.861 49.244 45.541 49.739 55.803 54.083 55.57 56.851 51.0 42.19 55.036 55.785 48.466 53.141 79.057 48.0 75.584 72.801 36.056 77.13 66.94 71.197 76.118 43.174
35.057 60.828 55.082 57.585 54.083 50.0 37.483 57.28 45.706 56.754 51.478 54.452 72.035 63.246 72.801 68.622 73.376 64.622 65.795 70.385 37.0 42.72 39.56 58.181 38.91 54.781 58.009 41.593 55.172 41.34 45.651 37.736 40.608 42.202 45.343 42.059 47.634 47.17 48.877 51.614 6.708 18.385 19.235 21.932 11.18 19.209 12.806 23.324 25.71 7.81 23.345 22.672 26.249 10.198 5.0 0.0 10.198 4.0 10.77 6.403 12.207 17.0 21.541 26.249 16.155 10.198 20.616 25.495 15.0 20.224 55.082 56.648 18.601 52.202 22.825 50.09 52.0 42.426 43.829 47.434 44.147 47.424 51.856 50.0 51.313 53.824 46.648 38.013 50.537 50.961 43.863 48.466 74.33 43.0 70.838 68.007 32.016 72.277 62.097 66.287 71.197 44.598
45.0 71.021 65.192 67.676 64.195 60.033 44.102 67.446 55.326 66.098 61.205 64.195 81.394 72.277 82.0 77.621 82.462 73.376 74.33 79.057 46.098 51.971 48.508 66.31 47.434 63.6 65.368 49.98 61.612 49.244 53.852 42.426 46.098 47.424 51.225 46.098 53.151 51.662 53.151 56.569 13.601 27.459 27.893 30.806 17.0 26.926 20.881 31.623 35.228 17.0 30.414 29.155 33.541 4.0 5.385 10.198 0.0 10.198 2.0 5.385 5.0 26.926 31.623 36.401 26.249 20.396 30.806 35.693 25.08 30.414 60.415 62.65 28.178 57.697 32.696 60.208 58.31 51.225 51.662 53.235 49.244 54.083 61.033 59.363 60.902 61.62 56.356 47.508 60.415 61.131 53.852 58.523 84.433 53.038 80.957 78.16 41.34 82.462 72.277 76.485 81.394 40.311
35.057 61.612 55.444 59.093 55.543 50.16 34.828 58.523 45.177 55.902 51.088 54.083 71.197 62.097 71.805 67.446 72.277 63.246 64.257 68.949 35.903 41.773 38.328 56.365 37.336 53.451 55.758 39.925 52.498 39.357 43.863 34.409 37.537 39.051 42.426 38.588 44.598 43.829 45.486 48.415 3.606 17.263 17.72 20.616 7.81 17.0 10.77 21.541 25.08 11.18 20.809 19.849 23.854 11.662 6.403 4.0 10.198 0.0 10.0 5.0 10.44 19.209 23.324 27.731 18.028 11.662 21.932 26.571 15.524 21.19 58.941 60.407 21.213 56.045 25.0 50.488 55.714 45.343 47.17 51.245 48.052 51.078 54.489 52.498 53.6 57.14 48.826 40.46 52.479 52.202 45.651 50.09 75.769 43.186 72.236 69.289 34.655 73.376 63.246 67.186 72.035 40.853
45.044 71.386 65.376 68.352 64.846 60.133 43.046 68.007 55.145 65.765 61.074 64.07 81.049 71.805 81.584 77.13 82.0 72.801 73.682 78.447 45.706 51.624 48.052 65.552 46.84 63.063 64.413 49.336 60.465 48.466 53.141 41.037 44.822 46.098 50.0 44.598 51.856 50.21 51.662 55.172 13.153 27.166 27.459 30.414 16.155 26.249 20.396 31.048 35.057 18.028 29.547 28.178 32.696 6.0 6.403 10.77 2.0 10.0 0.0 5.0 3.0 27.731 32.311 37.0 26.926 20.881 31.321 36.139 25.318 30.806 62.241 64.413 29.155 59.506 33.541 60.407 60.033 52.498 53.151 55.009 51.078 55.758 62.201 60.465 61.911 63.127 57.306 48.549 61.27 61.685 54.626 59.237 85.094 53.151 81.597 78.746 42.438 82.97 72.801 76.903 81.786 38.328
