101
0.0 38.079 30.806 39.357 36.056 40.311 33.302 35.355 39.051 33.541 31.623 33.526 32.388 38.079 35.355 39.294 41.231 40.311 45.177 40.05 35.057 45.0 35.0 45.044 35.057 45.277 58.523 57.009 55.714 52.202 52.0 50.289 51.078 51.478 47.434 44.204 43.012 40.608 37.202 36.056 40.311 30.806 33.541 38.079 35.341 37.736 37.202 38.328 45.044 38.053 35.341 33.541 25.0 20.0 18.028 14.142 18.028 26.926 47.17 42.426 26.926 15.811 29.155 39.051 20.616 11.18 13.038 25.298 10.0 9.22 19.647 25.495 27.459 39.294 36.056 57.009 42.942 49.98 32.558 38.471 7.616 12.042 14.765 19.235 27.019 35.468 32.202 38.21 17.889 52.479 4.243 12.042 14.765 21.095 17.117 20.616 15.524 48.166 14.142 20.518 19.235
38.079 0.0 10.44 3.0 7.071 5.0 12.207 14.142 11.18 52.202 47.434 48.104 43.463 53.852 44.721 50.537 51.478 47.17 82.225 76.903 72.035 81.394 71.589 81.049 71.197 80.623 89.022 86.023 86.683 82.006 83.63 80.43 82.879 84.853 78.102 42.0 40.0 40.112 37.336 35.355 35.0 34.482 30.414 30.0 30.15 5.831 8.602 46.141 81.786 74.953 68.622 71.589 55.0 35.355 39.051 25.495 55.902 60.208 75.664 66.708 26.926 28.284 64.031 76.322 58.523 46.098 50.596 58.052 29.155 33.541 18.868 50.0 42.942 33.971 65.192 82.462 80.957 82.024 33.615 25.495 43.909 36.125 42.048 55.317 64.498 72.719 61.131 62.37 27.019 90.355 39.85 49.244 50.478 48.836 48.918 57.14 43.139 70.214 33.015 50.01 18.974
30.806 10.44 0.0 10.0 5.385 10.198 4.0 7.0 8.602 41.761 37.0 37.696 33.106 43.463 34.482 40.311 41.34 37.202 73.376 68.007 63.246 72.277 62.642 71.805 62.097 71.197 85.755 83.241 83.217 78.892 79.881 77.175 79.057 80.43 74.626 46.098 44.147 43.566 40.311 38.328 39.294 36.0 33.377 34.482 33.734 7.28 6.403 36.056 72.801 66.098 64.031 64.14 45.1 25.08 36.249 17.0 48.826 50.636 65.376 56.294 16.553 25.08 58.728 69.814 50.537 37.336 42.485 53.413 23.431 24.698 14.318 47.424 42.202 25.0 55.036 72.035 73.573 72.007 23.601 17.464 37.537 31.906 32.388 46.487 57.801 66.219 51.01 51.971 17.117 83.217 31.765 42.638 44.553 45.277 44.204 50.99 39.115 59.775 23.345 40.2 12.042
39.357 3.0 10.0 0.0 5.385 2.0 10.77 12.207 8.602 51.42 46.573 47.127 42.379 52.811 43.463 49.244 50.09 45.651 82.97 77.621 72.801 82.0 72.277 81.584 71.805 81.049 91.4 88.482 89.022 84.404 85.913 82.801 85.147 87.0 80.43 45.0 43.0 43.105 40.311 38.328 38.0 37.363 33.377 33.0 33.136 3.606 6.403 44.721 82.462 75.69 70.711 72.897 55.082 35.057 41.4 26.249 57.306 60.531 75.326 66.098 25.962 30.48 65.947 77.936 59.615 46.84 51.624 60.108 30.806 34.205 20.616 52.431 45.618 32.016 65.031 81.786 82.298 82.006 32.202 23.345 45.486 38.184 42.297 56.045 66.038 74.33 61.008 61.814 27.074 91.788 40.853 50.774 52.202 51.088 50.931 58.822 45.277 69.376 33.242 50.16 20.125
36.056 7.071 5.385 5.385 0.0 5.0 5.385 7.071 5.0 46.098 41.231 41.761 37.0 47.434 38.079 43.863 44.721 40.311 78.746 73.376 68.622 77.621 68.007 77.13 67.446 76.485 90.139 87.464 87.658 83.217 84.404 81.541 83.6 85.147 79.057 47.265 45.277 45.044 42.0 40.0 40.311 38.328 35.0 35.355 35.057 2.0 2.0 39.357 78.16 71.47 68.768 69.462 50.249 30.0 40.311 22.361 54.083 55.902 70.178 60.828 20.616 29.155 63.64 75.0 55.902 42.72 47.854 58.138 28.284 30.083 18.601 51.478 45.541 26.907 60.0 76.485 78.892 77.058 26.833 18.439 42.638 36.401 37.656 51.865 63.008 71.4 56.009 56.569 22.361 88.51 37.121 47.802 49.578 49.649 48.918 56.08 43.6 64.031 28.636 45.398 17.029
40.311 5.0 10.198 2.0 5.0 0.0 10.198 11.18 7.071 50.99 46.098 46.573 41.761 52.202 42.72 48.466 49.244 44.721 83.522 78.16 73.376 82.462 72.801 82.0 72.277 81.394 93.005 90.139 90.604 86.023 87.459 84.404 86.683 88.459 82.006 47.0 45.0 45.1 42.297 40.311 40.0 39.294 35.355 35.0 35.128 3.0 5.385 43.863 82.97 76.243 72.139 73.824 55.227 35.0 43.012 26.926 58.31 60.828 75.166 65.765 25.495 32.016 67.268 79.057 60.415 47.434 52.393 61.522 32.016 34.785 21.932 54.083 47.424 30.806 65.0 81.394 83.241 82.055 31.385 22.023 46.615 39.623 42.579 56.613 67.119 75.452 61.008 61.522 27.295 92.785 41.629 51.865 53.413 52.631 52.326 60.0 46.755 68.884 33.541 50.359 21.095
33.302 12.207 4.0 10.77 5.385 10.198 0.0 3.0 5.831 40.792 35.903 36.401 31.623 42.059 32.696 38.484 39.357 34.986 74.673 69.289 64.622 73.376 63.906 72.801 63.246 72.035 89.185 86.77 86.608 82.365 83.217 80.623 82.377 83.6 78.032 50.01 48.052 47.518 44.283 42.297 43.174 40.0 37.336 38.328 37.656 7.28 5.0 34.0 74.0 67.417 67.201 66.287 45.541 25.08 39.925 19.209 51.225 51.42 65.069 55.579 15.297 28.792 61.717 72.346 52.479 38.91 44.418 56.613 26.627 26.42 18.028 51.078 46.098 21.932 55.036 71.197 75.717 72.173 21.471 13.892 40.311 35.355 33.242 47.927 60.308 68.768 51.088 51.352 18.028 85.446 33.838 45.277 47.424 48.765 47.434 53.74 42.544 58.694 24.352 40.792 15.264
35.355 14.142 7.0 12.207 7.071 11.18 3.0 0.0 5.0 40.311 35.355 35.693 30.806 41.231 31.623 37.336 38.079 33.541 75.769 70.385 65.795 74.33 65.0 73.682 64.257 72.801 91.788 89.443 89.185 85.0 85.755 83.241 84.906 86.023 80.623 52.953 50.99 50.488 47.265 45.277 46.098 43.0 40.311 41.231 40.608 8.602 5.831 32.696 75.027 68.542 69.635 68.007 46.098 25.495 42.72 21.213 53.151 52.202 65.0 55.227 15.0 31.623 64.031 74.33 54.083 40.311 46.043 59.076 29.155 28.018 20.881 53.852 49.031 19.849 55.227 70.711 77.421 72.443 20.248 11.402 42.521 38.013 34.176 49.193 62.29 70.767 51.352 51.088 19.235 87.201 35.609 47.381 49.679 51.43 49.93 55.902 45.177 58.052 25.495 41.485 17.889
39.051 11.18 8.602 8.602 5.0 7.071 5.831 5.0 0.0 45.277 40.311 40.608 35.693 46.098 36.401 42.059 42.72 38.079 80.411 75.027 70.385 79.057 69.642 78.447 68.949 77.621 94.34 91.788 91.81 87.464 88.482 85.755 87.658 89.022 83.217 52.24 50.249 50.04 47.0 45.0 45.277 43.29 40.0 40.311 40.05 5.385 3.0 37.336 79.712 73.164 72.622 72.111 50.99 30.414 44.721 25.0 57.009 57.009 70.0 60.208 20.0 33.541 67.268 78.102 58.31 44.721 50.249 62.008 32.016 32.249 22.825 55.902 50.289 23.854 60.208 75.664 81.541 77.414 25.0 15.0 45.967 40.497 38.897 53.712 66.068 74.518 56.321 56.08 23.77 91.263 39.661 50.99 53.038 53.852 52.802 59.414 47.707 62.968 30.083 46.325 20.616
33.541 52.202 41.761 51.42 46.098 50.99 40.792 40.311 45.277 0.0 5.0 5.385 10.198 5.0 11.18 9.434 11.18 14.142 45.343 40.608 37.736 42.426 36.056 41.037 34.409 39.051 85.147 85.0 82.152 80.0 78.16 78.0 77.162 75.664 75.0 75.822 74.33 72.346 68.768 67.268 70.711 62.482 63.64 67.268 65.069 48.052 45.706 12.806 43.863 39.408 62.0 47.434 15.811 18.028 51.478 32.016 40.0 22.361 25.495 15.0 25.495 46.098 55.0 57.009 35.355 25.495 31.064 54.452 39.051 27.019 42.202 58.523 60.902 26.249 18.028 30.414 55.036 34.54 21.095 33.242 38.897 45.277 18.788 27.295 47.381 54.342 15.556 11.18 26.926 64.413 29.547 39.623 43.738 53.759 48.765 46.043 48.847 18.028 23.345 16.0 38.275
31.623 47.434 37.0 46.573 41.231 46.098 35.903 35.355 40.311 5.0 0.0 2.0 5.385 7.071 7.071 8.0 10.0 11.18 48.795 43.863 40.608 46.098 39.051 44.822 37.537 43.012 85.586 85.147 82.608 80.156 78.638 78.16 77.647 76.485 75.166 72.622 71.063 69.203 65.605 64.031 67.268 59.405 60.208 63.64 61.555 43.174 40.792 9.434 47.424 42.521 62.201 49.244 18.028 14.142 49.244 28.284 40.311 25.0 30.414 20.0 20.616 43.012 55.227 58.523 36.401 25.0 31.145 54.037 36.056 24.187 38.288 57.009 58.6 21.541 22.361 35.355 57.306 39.217 16.125 28.284 37.656 42.953 17.263 28.46 48.27 55.66 19.416 16.125 22.804 66.888 27.893 39.051 43.105 52.393 47.676 46.098 47.127 22.804 20.0 16.763 34.205
33.526 48.104 37.696 47.127 41.761 46.573 36.401 35.693 40.608 5.385 2.0 0.0 5.0 5.831 5.831 6.0 8.0 9.434 50.21 45.343 42.202 47.424 40.608 46.098 39.051 44.204 87.573 87.144 84.593 82.152 80.623 80.156 79.63 78.447 77.162 74.202 72.622 70.803 67.201 65.605 68.768 61.033 61.717 65.069 63.032 43.681 41.231 7.81 48.795 44.045 64.195 51.078 19.723 15.62 51.078 29.732 42.297 26.627 30.806 20.1 21.19 44.654 57.219 60.407 38.328 27.0 33.136 56.036 37.736 25.942 39.623 58.941 60.415 20.881 23.324 35.128 59.059 39.925 16.0 28.071 39.623 44.777 19.235 30.364 50.22 57.567 20.616 16.492 24.083 68.6 29.833 41.049 45.1 54.342 49.649 48.094 49.041 22.361 21.633 18.682 35.468
32.388 43.463 33.106 42.379 37.0 41.761 31.623 30.806 35.693 10.198 5.385 5.0 0.0 10.44 3.0 7.81 9.434 8.0 53.814 48.795 45.343 51.225 43.863 50.0 42.426 48.26 88.284 87.573 85.329 82.608 81.394 80.623 80.411 79.555 77.647 71.281 69.635 67.956 64.351 62.682 65.605 58.31 58.6 61.717 59.816 38.897 36.401 6.0 52.498 47.381 64.777 53.235 22.672 13.0 49.336 26.627 43.174 29.732 35.693 25.08 16.553 42.059 57.871 62.241 39.925 27.459 33.956 56.08 35.341 24.042 36.125 57.871 58.523 16.155 27.731 40.112 61.587 44.598 11.0 23.087 39.051 43.012 19.105 32.202 51.546 59.237 24.698 21.378 20.616 71.281 29.069 41.11 45.044 53.46 49.092 48.662 47.854 27.295 19.313 20.591 31.828
38.079 53.852 43.463 52.811 47.434 52.202 42.059 41.231 46.098 5.0 7.071 5.831 10.44 0.0 10.0 5.831 7.071 11.18 49.204 44.654 42.059 46.098 40.311 44.598 38.588 42.426 90.139 90.0 87.144 85.0 83.15 83.0 82.152 80.623 80.0 79.649 78.102 76.217 72.622 71.063 74.33 66.4 67.268 70.711 68.622 49.336 46.84 10.44 47.634 43.566 67.0 52.202 20.616 21.213 55.902 35.355 45.0 26.926 26.926 15.811 26.926 50.0 60.0 61.847 40.311 30.414 36.056 59.414 43.012 31.064 45.343 63.246 65.299 25.179 21.213 30.0 59.615 36.715 21.213 33.015 43.681 49.649 23.409 32.249 52.345 59.228 19.416 13.038 29.833 68.877 34.176 44.553 48.662 58.523 53.6 51.039 53.488 17.029 27.019 21.0 41.231
35.355 44.721 34.482 43.463 38.079 42.72 32.696 31.623 36.401 11.18 7.071 5.831 3.0 10.0 0.0 5.831 7.071 5.0 55.866 50.931 47.634 53.151 46.098 51.856 44.598 50.0 91.241 90.554 88.284 85.586 84.345 83.6 83.361 82.462 80.623 73.783 72.111 70.491 66.888 65.192 68.007 60.902 61.033 64.031 62.201 39.925 37.336 3.0 54.489 49.578 67.742 55.902 25.0 15.811 52.202 29.155 46.098 32.016 36.401 25.495 18.028 44.721 60.828 65.0 42.72 30.414 36.878 59.076 38.079 26.926 38.419 60.828 61.351 15.297 29.155 40.0 64.14 45.695 11.402 23.022 42.048 45.88 22.091 34.928 54.406 62.032 26.401 22.136 23.022 73.783 32.062 44.102 48.042 56.436 52.086 51.624 50.804 27.019 22.136 23.259 34.059
39.294 50.537 40.311 49.244 43.863 48.466 38.484 37.336 42.059 9.434 8.0 6.0 7.81 5.831 5.831 0.0 2.0 5.385 54.672 50.0 47.17 51.662 45.486 50.21 43.829 48.104 93.536 93.134 90.554 88.142 86.579 86.145 85.586 84.345 83.15 79.057 77.421 75.717 72.111 70.456 73.41 66.038 66.4 69.527 67.624 45.695 43.081 5.0 53.151 48.826 70.178 56.648 25.08 20.591 56.648 34.409 48.26 31.765 32.696 21.541 23.854 49.739 63.198 66.098 44.147 33.0 39.115 62.032 42.942 31.385 43.932 64.761 65.924 20.0 26.907 35.128 64.405 42.544 17.088 28.284 45.541 50.329 25.179 36.139 56.089 63.325 24.839 18.868 28.425 73.824 35.693 47.043 51.088 60.208 55.579 54.083 54.818 22.091 26.833 24.515 39.623
41.231 51.478 41.34 50.09 44.721 49.244 39.357 38.079 42.72 11.18 10.0 8.0 9.434 7.071 7.071 2.0 0.0 5.0 56.223 51.614 48.877 53.151 47.17 51.662 45.486 49.497 95.525 95.131 92.542 90.139 88.566 88.142 87.573 86.313 85.147 80.709 79.057 77.389 73.783 72.111 75.0 67.742 68.007 71.063 69.203 46.519 43.863 5.385 54.672 50.478 72.173 58.523 26.926 22.361 58.523 36.056 50.249 33.541 33.541 22.361 25.0 51.478 65.192 68.007 46.098 35.0 41.11 64.031 44.721 33.242 45.453 66.708 67.779 20.1 28.284 35.355 66.212 43.566 17.889 28.636 47.518 52.202 27.166 38.079 58.052 65.253 26.401 20.0 30.0 75.591 37.656 49.041 53.085 62.169 57.559 56.08 56.754 22.361 28.636 26.476 41.11
40.311 47.17 37.202 45.651 40.311 44.721 34.986 33.541 38.079 14.142 11.18 9.434 8.0 11.18 5.0 5.385 5.0 0.0 59.464 54.672 51.614 56.569 50.0 55.172 48.415 53.151 96.177 95.525 93.215 90.554 89.269 88.566 88.284 87.321 85.586 78.032 76.322 74.793 71.197 69.462 72.111 65.299 65.192 68.007 66.287 42.059 39.357 2.0 58.0 53.413 72.691 60.415 29.155 20.616 57.009 33.541 50.99 36.056 38.079 26.926 21.213 49.244 65.765 69.642 47.434 35.355 41.773 64.07 42.72 31.78 42.438 65.765 66.098 15.133 32.016 40.311 68.476 47.885 13.601 23.77 47.043 50.695 27.074 39.56 59.203 66.731 29.698 24.187 27.295 78.032 37.054 49.092 53.038 61.4 57.079 56.569 55.731 27.295 26.926 27.857 38.013
45.177 82.225 73.376 82.97 78.746 83.522 74.673 75.769 80.411 45.343 48.795 50.21 53.814 49.204 55.866 54.672 56.223 59.464 0.0 5.385 10.198 4.0 10.77 6.0 11.662 9.0 56.798 59.169 54.12 54.918 50.606 53.254 49.739 45.618 50.804 83.241 82.71 79.812 77.13 76.688 81.584 71.386 75.802 80.753 77.782 80.654 79.379 58.0 2.0 7.28 41.037 18.601 31.401 51.0 56.089 56.754 30.594 24.413 29.428 37.162 62.177 60.008 36.62 25.807 25.02 36.139 32.14 42.059 55.145 48.765 64.63 54.231 62.936 69.203 28.302 39.0 17.464 21.095 62.426 73.573 42.107 53.235 41.629 26.926 27.295 26.173 29.833 37.216 56.648 23.0 42.579 37.336 39.051 49.98 44.922 34.176 50.22 42.059 50.329 34.986 63.348
40.05 76.903 68.007 77.621 73.376 78.16 69.289 70.385 75.027 40.608 43.863 45.343 48.795 44.654 50.931 50.0 51.614 54.672 5.385 0.0 5.0 5.385 5.385 6.403 6.403 8.602 56.648 58.6 53.852 54.12 50.16 52.355 49.244 45.541 49.739 79.057 78.447 75.584 72.801 72.277 77.13 66.94 71.197 76.118 73.164 75.286 74.0 53.151 5.0 2.0 39.051 16.401 26.249 45.651 51.662 51.42 26.249 19.209 27.0 33.526 56.824 55.082 33.971 25.08 20.224 30.806 27.019 38.833 50.04 43.417 59.414 50.537 58.873 64.031 24.166 37.336 18.111 20.248 57.201 68.264 37.336 48.508 36.249 21.587 24.207 24.698 25.239 33.106 51.264 25.495 37.336 32.757 34.785 46.098 40.853 30.414 45.88 38.833 44.944 29.682 58.052
35.057 72.035 63.246 72.801 68.622 73.376 64.622 65.795 70.385 37.736 40.608 42.202 45.343 42.059 47.634 47.17 48.877 51.614 10.198 5.0 0.0 10.198 2.0 10.77 4.0 12.207 55.082 56.648 52.202 52.0 48.384 50.16 47.434 44.147 47.424 74.33 73.682 70.838 68.007 67.446 72.277 62.097 66.287 71.197 68.25 70.52 69.289 50.0 10.0 3.0 36.056 13.928 22.672 41.34 46.84 46.573 21.541 15.62 27.459 32.388 52.479 50.09 30.48 23.537 15.297 25.962 22.023 34.828 45.044 38.601 54.452 46.141 54.231 60.208 22.561 38.328 18.248 22.472 53.263 64.07 32.388 43.566 31.765 16.763 20.518 22.472 22.847 31.321 46.615 26.926 32.388 27.893 30.083 41.593 36.249 26.077 41.11 38.118 40.311 25.612 53.151
45.0 81.394 72.277 82.0 77.621 82.462 73.376 74.33 79.057 42.426 46.098 47.424 51.225 46.098 53.151 51.662 53.151 56.569 4.0 5.385 10.198 0.0 10.0 2.0 10.198 5.0 60.415 62.65 57.697 58.31 54.12 56.604 53.235 49.244 54.083 84.433 83.815 80.957 78.16 77.621 82.462 72.277 76.485 81.394 78.447 79.555 78.16 55.172 2.0 7.28 43.863 21.213 29.155 49.244 57.009 55.902 31.623 22.361 25.495 33.541 60.415 60.208 39.051 29.155 25.495 35.355 32.016 44.102 55.0 47.854 64.195 55.902 64.257 66.851 25.0 35.0 21.19 17.117 60.208 71.589 42.579 53.759 40.162 26.173 29.411 29.206 26.87 33.838 55.362 27.0 42.107 38.079 40.162 51.478 46.239 35.777 51.245 38.275 49.041 33.106 62.65
35.0 71.589 62.642 72.277 68.007 72.801 63.906 65.0 69.642 36.056 39.051 40.608 43.863 40.311 46.098 45.486 47.17 50.0 10.77 5.385 2.0 10.0 0.0 10.198 2.0 11.18 57.009 58.523 54.12 53.852 50.289 52.0 49.336 46.098 49.244 75.027 74.33 71.512 68.622 68.007 72.801 62.642 66.708 71.589 68.659 69.921 68.622 48.415 10.198 3.606 37.736 15.811 21.213 40.311 47.434 46.098 22.361 14.142 25.495 30.414 51.478 50.249 32.016 25.495 15.811 25.495 22.023 36.125 45.0 38.079 54.231 47.17 55.036 58.898 20.616 36.401 20.224 20.809 52.01 62.968 32.757 43.932 30.871 16.279 22.023 24.352 21.024 29.411 45.88 28.792 32.14 28.46 30.871 42.544 37.121 27.203 41.785 36.125 39.56 24.413 52.773
45.044 81.049 71.805 81.584 77.13 82.0 72.801 73.682 78.447 41.037 44.822 46.098 50.0 44.598 51.856 50.21 51.662 55.172 6.0 6.403 10.77 2.0 10.198 0.0 10.0 3.0 62.241 64.413 59.506 60.033 55.902 58.31 55.009 51.078 55.758 85.094 84.433 81.597 78.746 78.16 82.97 72.801 76.903 81.786 78.854 79.076 77.621 53.814 4.0 8.062 45.343 22.672 28.178 48.466 57.567 55.579 32.311 21.541 23.537 31.765 59.615 60.407 40.361 30.887 25.962 35.128 32.14 45.222 55.036 47.518 64.07 56.824 65.0 65.734 23.431 33.0 23.087 15.133 59.169 70.661 42.953 54.129 39.56 26.019 30.61 30.806 25.495 32.202 54.818 29.0 42.012 38.601 40.853 52.326 47.011 36.715 51.865 36.401 48.508 32.311 62.394
35.057 71.197 62.097 71.805 67.446 72.277 63.246 64.257 68.949 34.409 37.537 39.051 42.426 38.588 44.598 43.829 45.486 48.415 11.662 6.403 4.0 10.198 2.0 10.0 0.0 10.44 58.941 60.407 56.045 55.714 52.202 53.852 51.245 48.052 51.078 75.769 75.027 72.236 69.289 68.622 73.376 63.246 67.186 72.035 69.123 69.376 68.007 46.861 10.77 5.0 39.446 17.72 19.849 39.357 48.104 45.706 23.324 12.806 23.537 28.443 50.537 50.488 33.601 27.459 16.553 25.179 22.204 37.483 45.044 37.656 54.083 48.26 55.902 57.628 18.682 34.482 22.204 19.209 50.804 61.911 33.242 44.385 30.083 16.031 23.601 26.249 19.235 27.514 45.222 30.676 32.016 29.155 31.765 43.566 38.079 28.425 42.544 34.132 38.897 23.324 52.469
45.277 80.623 71.197 81.049 76.485 81.394 72.035 72.801 77.621 39.051 43.012 44.204 48.26 42.426 50.0 48.104 49.497 53.151 9.0 8.602 12.207 5.0 11.18 3.0 10.44 0.0 65.0 67.082 62.241 62.65 58.6 60.902 57.697 53.852 58.31 86.163 85.44 82.638 79.712 79.057 83.815 73.682 77.621 82.462 79.555 78.447 76.903 51.856 7.0 9.899 47.634 25.0 26.926 47.434 58.523 55.227 33.541 20.616 20.616 29.155 58.523 60.828 42.426 33.541 26.926 35.0 32.558 47.011 55.227 47.17 64.0 58.31 66.212 64.14 21.213 30.0 25.962 12.166 57.706 69.354 43.681 54.818 38.833 26.077 32.558 33.287 23.601 29.833 54.129 32.0 42.048 39.56 42.048 53.712 48.301 38.275 52.924 33.615 47.854 31.321 62.129
58.523 89.022 85.755 91.4 90.139 93.005 89.185 91.788 94.34 85.147 85.586 87.573 88.284 90.139 91.241 93.536 95.525 96.177 56.798 56.648 55.082 60.415 57.009 62.241 58.941 65.0 0.0 5.0 3.0 7.071 7.0 8.602 8.0 11.18 11.18 61.717 62.65 60.033 59.908 61.033 65.192 58.258 64.031 68.007 65.605 91.263 91.81 94.202 58.6 55.973 23.537 41.231 70.0 77.621 50.0 71.589 45.277 65.192 82.462 85.586 85.44 61.033 30.414 31.623 50.0 60.828 54.452 33.242 62.65 67.676 71.561 39.051 47.424 97.719 75.664 93.408 39.357 76.896 90.802 96.773 50.922 53.852 69.231 58.009 38.013 32.757 74.243 83.217 76.322 37.537 60.44 47.539 43.966 40.497 42.048 39.623 46.648 91.788 72.422 69.181 73.926
57.009 86.023 83.241 88.482 87.464 90.139 86.77 89.443 91.788 85.0 85.147 87.144 87.573 90.0 90.554 93.134 95.131 95.525 59.169 58.6 56.648 62.65 58.523 64.413 60.407 67.082 5.0 0.0 5.831 5.0 8.602 7.0 9.434 14.142 10.0 57.306 58.31 55.758 55.803 57.009 61.033 54.489 60.208 64.031 61.717 88.51 89.185 93.536 60.902 57.775 23.0 42.72 70.178 76.485 47.17 69.642 45.0 65.765 83.815 86.313 83.815 58.31 30.0 33.541 50.249 60.208 54.037 31.78 60.415 66.219 68.964 36.056 43.863 96.302 76.485 94.868 41.881 78.791 89.499 94.921 49.477 51.43 68.469 58.138 38.471 34.176 74.813 83.726 74.632 41.037 59.228 46.53 42.755 38.013 40.162 39.051 44.283 92.574 71.063 69.0 71.554
55.714 86.683 83.217 89.022 87.658 90.604 86.608 89.185 91.81 82.152 82.608 84.593 85.329 87.144 88.284 90.554 92.542 93.215 54.12 53.852 52.202 57.697 54.12 59.506 56.045 62.241 3.0 5.831 0.0 5.385 4.0 6.403 5.0 8.602 8.602 60.415 61.27 58.592 58.31 59.363 63.632 56.4 62.201 66.287 63.82 88.814 89.308 91.241 55.902 53.141 20.616 38.328 67.0 74.726 47.634 68.877 42.297 62.201 79.555 82.608 82.638 58.6 27.459 28.792 47.0 57.871 51.478 30.463 60.033 64.846 69.065 36.797 45.453 94.868 72.691 90.521 36.715 74.095 87.932 94.021 48.104 51.313 66.287 55.009 35.014 29.833 71.253 80.225 73.539 35.355 57.567 44.643 41.11 38.013 39.357 36.674 44.102 88.814 69.57 66.189 71.344
52.202 82.006 78.892 84.404 83.217 86.023 82.365 85.0 87.464 80.0 80.156 82.152 82.608 85.0 85.586 88.142 90.139 90.554 54.918 54.12 52.0 58.31 53.852 60.033 55.714 62.65 7.071 5.0 5.385 0.0 5.385 2.0 5.831 11.18 5.0 55.036 55.902 53.235 53.0 54.083 58.31 51.225 57.009 61.033 58.6 84.315 84.906 88.566 56.604 53.226 18.0 38.079 65.192 71.589 43.012 65.0 40.0 60.828 79.057 81.394 79.057 54.083 25.0 29.155 45.277 55.227 49.041 26.926 55.902 61.4 64.661 32.016 40.361 91.482 71.589 90.139 37.802 74.25 84.646 90.25 44.643 47.011 63.506 53.151 33.541 29.547 69.871 78.772 69.893 37.802 54.342 41.593 37.855 33.615 35.468 34.059 39.825 87.664 66.219 64.0 67.119
52.0 83.63 79.881 85.913 84.404 87.459 83.217 85.755 88.482 78.16 78.638 80.623 81.394 83.15 84.345 86.579 88.566 89.269 50.606 50.16 48.384 54.12 50.289 55.902 52.202 58.6 7.0 8.602 4.0 5.385 0.0 5.0 1.0 5.831 5.831 58.873 59.615 56.859 56.356 57.306 61.717 54.083 59.908 64.14 61.587 85.604 86.023 87.298 52.355 49.396 16.763 34.482 63.0 70.88 44.598 65.299 38.328 58.215 75.69 78.638 78.924 55.444 23.537 25.08 43.0 53.935 47.518 26.833 56.604 61.098 65.803 33.971 43.012 91.082 68.731 86.683 33.287 70.385 84.119 90.377 44.385 48.01 62.37 51.01 31.016 25.962 67.268 76.236 69.857 32.65 53.759 40.804 37.336 34.828 35.847 32.757 40.804 84.853 65.788 62.201 67.956
50.289 80.43 77.175 82.801 81.541 84.404 80.623 83.241 85.755 78.0 78.16 80.156 80.623 83.0 83.6 86.145 88.142 88.566 53.254 52.355 50.16 56.604 52.0 58.31 53.852 60.902 8.602 7.0 6.403 2.0 5.0 0.0 5.099 10.44 3.0 54.231 55.036 52.326 51.971 53.0 57.306 50.0 55.803 59.908 57.428 82.662 83.217 86.579 54.918 51.43 16.0 36.249 63.198 69.635 41.4 63.159 38.0 58.856 77.162 79.429 77.162 52.431 23.0 27.459 43.29 53.235 47.043 25.0 54.12 59.481 62.968 30.48 39.051 89.56 69.635 88.255 36.235 72.45 82.71 88.391 42.72 45.277 61.522 51.157 31.575 27.731 67.897 76.792 68.007 36.62 52.393 39.623 35.903 31.906 33.615 32.062 38.079 85.703 64.288 62.0 65.368
51.078 82.879 79.057 85.147 83.6 86.683 82.377 84.906 87.658 77.162 77.647 79.63 80.411 82.152 83.361 85.586 87.573 88.284 49.739 49.244 47.434 53.235 49.336 55.009 51.245 57.697 8.0 9.434 5.0 5.831 1.0 5.099 0.0 5.385 5.385 58.523 59.237 56.462 55.902 56.824 61.27 53.535 59.363 63.632 61.057 84.812 85.212 86.313 51.478 48.466 15.811 33.526 62.0 69.921 43.863 64.413 37.336 57.219 74.726 77.647 78.0 54.672 22.561 24.166 42.0 52.953 46.53 25.942 55.758 60.166 65.0 33.302 42.438 90.139 67.742 85.726 32.45 69.462 83.169 89.471 43.463 47.202 61.392 50.01 30.017 25.0 66.272 75.24 68.942 32.016 52.811 39.85 36.401 34.059 34.986 31.78 40.0 83.863 64.846 61.205 67.119
51.478 84.853 80.43 87.0 85.147 88.459 83.6 86.023 89.022 75.664 76.485 78.447 79.555 80.623 82.462 84.345 86.313 87.321 45.618 45.541 44.147 49.244 46.098 51.078 48.052 53.852 11.18 14.142 8.602 11.18 5.831 10.44 5.385 0.0 10.0 62.642 63.246 60.407 59.615 60.415 65.0 56.824 62.65 67.082 64.413 86.452 86.683 85.376 47.424 44.922 16.401 30.414 60.208 69.642 46.098 65.192 36.401 55.0 71.589 75.166 78.262 56.569 22.361 20.616 40.311 52.202 45.607 27.019 57.009 60.374 66.603 36.056 45.651 90.078 65.192 82.462 28.178 65.788 83.006 89.944 43.909 48.836 60.729 48.374 28.284 22.091 64.008 73.007 69.354 26.907 52.802 39.812 36.715 36.125 36.235 31.385 41.725 81.302 64.885 59.841 68.411
47.434 78.102 74.626 80.43 79.057 82.006 78.032 80.623 83.217 75.0 75.166 77.162 77.647 80.0 80.623 83.15 85.147 85.586 50.804 49.739 47.424 54.083 49.244 55.758 51.078 58.31 11.18 10.0 8.602 5.0 5.831 3.0 5.385 10.0 0.0 53.141 53.852 51.078 50.537 51.478 55.902 48.26 54.083 58.31 55.758 80.212 80.709 83.6 52.431 48.765 13.0 33.541 60.208 66.708 39.051 60.415 35.0 55.902 74.33 76.485 74.33 50.0 20.0 25.0 40.311 50.249 44.045 22.136 51.478 56.613 60.465 28.284 37.202 86.683 66.708 85.44 33.971 69.771 79.812 85.615 39.85 42.72 58.549 48.166 28.636 25.06 64.938 73.824 65.192 34.986 49.477 36.674 32.985 29.411 30.871 29.069 35.511 82.765 61.4 59.0 62.769
44.204 42.0 46.098 45.0 47.265 47.0 50.01 52.953 52.24 75.822 72.622 74.202 71.281 79.649 73.783 79.057 80.709 78.032 83.241 79.057 74.33 84.433 75.027 85.094 75.769 86.163 61.717 57.306 60.415 55.036 58.873 54.231 58.523 62.642 53.141 0.0 2.0 3.606 7.071 8.602 7.0 13.454 13.0 12.0 12.369 47.096 49.254 76.322 83.815 77.162 50.249 66.098 69.203 58.6 27.731 44.654 52.811 70.491 91.263 86.452 57.697 29.732 50.04 65.031 59.237 55.218 54.589 43.105 36.797 48.836 35.777 30.067 20.396 69.642 80.212 101.213 73.335 93.059 65.742 63.325 42.942 32.45 58.0 61.774 56.886 62.129 76.4 82.134 50.774 80.0 48.415 46.615 44.272 33.541 38.328 49.244 33.242 91.967 52.631 64.661 40.249
43.012 40.0 44.147 43.0 45.277 45.0 48.052 50.99 50.249 74.33 71.063 72.622 69.635 78.102 72.111 77.421 79.057 76.322 82.71 78.447 73.682 83.815 74.33 84.433 75.027 85.44 62.65 58.31 61.27 55.902 59.615 55.036 59.237 63.246 53.852 2.0 0.0 3.0 5.831 7.071 5.0 12.207 11.18 10.0 10.44 45.1 47.265 74.626 83.241 76.538 50.488 65.765 68.007 57.009 26.926 43.012 52.202 69.462 90.139 85.147 55.902 28.284 50.0 65.0 58.523 54.083 53.666 43.012 35.355 47.381 34.0 30.0 20.1 67.779 79.057 100.0 73.171 92.13 63.953 61.4 42.048 31.385 56.639 60.828 56.569 62.032 75.213 80.808 49.092 80.025 47.202 45.88 43.681 33.242 37.855 48.836 32.573 90.609 51.088 63.411 38.471
40.608 40.112 43.566 43.105 45.044 45.1 47.518 50.488 50.04 72.346 69.203 70.803 67.956 76.217 70.491 75.717 77.389 74.793 79.812 75.584 70.838 80.957 71.512 81.597 72.236 82.638 60.033 55.758 58.592 53.235 56.859 52.326 56.462 60.407 51.078 3.606 3.0 0.0 3.606 5.385 5.831 9.899 10.198 10.44 10.0 45.0 47.043 73.062 80.362 73.682 47.518 62.801 65.605 55.218 24.166 41.34 49.336 66.888 87.658 82.879 54.626 26.249 47.0 62.0 55.714 51.614 51.0 40.012 33.302 45.343 32.696 27.0 17.117 66.731 76.609 97.617 70.178 89.471 62.65 60.638 39.357 28.844 54.452 58.181 53.6 59.034 72.801 78.568 47.508 77.026 44.822 43.081 40.804 30.265 34.928 45.891 29.732 88.414 49.204 61.074 37.162
37.202 37.336 40.311 40.311 42.0 42.297 44.283 47.265 47.0 68.768 65.605 67.201 64.351 72.622 66.888 72.111 73.783 71.197 77.13 72.801 68.007 78.16 68.622 78.746 69.289 79.712 59.908 55.803 58.31 53.0 56.356 51.971 55.902 59.615 50.537 7.071 5.831 3.606 0.0 2.0 5.385 6.403 7.0 8.602 7.28 42.048 44.0 69.462 77.621 70.88 46.098 60.407 62.201 51.614 21.19 37.736 46.573 63.632 84.315 79.398 51.078 22.672 45.1 60.075 52.811 48.26 47.854 38.053 29.732 41.773 29.155 25.179 15.033 63.246 73.239 94.202 68.029 86.313 59.093 57.271 36.249 25.554 50.931 55.009 51.245 57.009 69.405 75.073 43.909 75.166 41.4 40.162 38.079 28.018 32.388 43.417 26.926 84.9 45.607 57.628 33.615
36.056 35.355 38.328 38.328 40.0 40.311 42.297 45.277 45.0 67.268 64.031 65.605 62.682 71.063 65.192 70.456 72.111 69.462 76.688 72.277 67.446 77.621 68.007 78.16 68.622 79.057 61.033 57.009 59.363 54.083 57.306 53.0 56.824 60.415 51.478 8.602 7.071 5.385 2.0 0.0 5.0 5.385 5.0 7.071 5.385 40.05 42.0 67.742 77.13 70.342 46.573 60.208 61.033 50.0 20.616 36.056 46.098 62.65 83.217 78.102 49.244 21.213 45.277 60.208 52.202 47.17 47.011 38.21 28.284 40.311 27.313 25.495 15.297 61.351 72.111 93.005 68.0 85.428 57.271 55.317 35.468 24.597 49.578 54.129 51.088 57.079 68.242 73.756 42.19 75.326 40.224 39.56 37.656 28.018 32.14 43.186 26.476 83.546 44.045 56.4 31.78
40.311 35.0 39.294 38.0 40.311 40.0 43.174 46.098 45.277 70.711 67.268 68.768 65.605 74.33 68.007 73.41 75.0 72.111 81.584 77.13 72.277 82.462 72.801 82.97 73.376 83.815 65.192 61.033 63.632 58.31 61.717 57.306 61.27 65.0 55.902 7.0 5.0 5.831 5.385 5.0 0.0 10.198 7.071 5.0 5.831 40.112 42.297 70.456 82.0 75.186 51.42 65.192 65.192 53.151 25.495 39.051 50.99 67.082 87.464 82.006 51.478 25.0 50.249 65.192 57.009 51.478 51.624 43.186 32.016 43.932 29.682 30.414 20.224 63.159 76.322 97.082 73.0 89.961 59.54 56.613 40.162 29.155 53.413 58.694 56.08 62.073 72.402 77.621 45.0 80.306 44.418 44.385 42.579 33.015 37.121 48.166 31.401 87.321 47.381 60.465 34.132
30.806 34.482 36.0 37.363 38.328 39.294 40.0 43.0 43.29 62.482 59.405 61.033 58.31 66.4 60.902 66.038 67.742 65.299 71.386 66.94 62.097 72.277 62.642 72.801 63.246 73.682 58.258 54.489 56.4 51.225 54.083 50.0 53.535 56.824 48.26 13.454 12.207 9.899 6.403 5.385 10.198 0.0 5.831 10.44 7.616 38.639 40.311 63.53 71.805 65.0 42.379 55.082 55.803 45.486 15.297 31.765 40.792 57.306 77.936 73.0 45.541 16.401 40.608 55.444 46.84 41.881 41.629 33.541 23.431 35.468 23.77 21.19 11.18 57.974 66.851 87.801 63.032 80.056 53.488 52.469 30.083 19.235 44.553 48.754 46.011 52.24 63.008 68.68 38.013 70.576 35.0 34.205 32.388 23.195 27.019 38.053 21.213 78.518 39.408 51.225 28.16
33.541 30.414 33.377 33.377 35.0 35.355 37.336 40.311 40.0 63.64 60.208 61.717 58.6 67.268 61.033 66.4 68.007 65.192 75.802 71.197 66.287 76.485 66.708 76.903 67.186 77.621 64.031 60.208 62.201 57.009 59.908 55.803 59.363 62.65 54.083 13.0 11.18 10.198 7.0 5.0 7.071 5.831 0.0 5.0 2.0 35.057 37.0 63.514 76.118 69.231 48.104 60.0 58.31 46.098 20.0 32.016 45.277 60.415 80.623 75.0 44.721 18.028 46.098 60.828 50.99 44.721 45.222 39.051 25.0 36.878 22.825 26.926 17.0 56.648 69.462 90.139 68.184 83.385 52.773 50.448 33.956 22.804 46.4 52.202 51.039 57.559 65.513 70.605 38.013 75.954 37.59 38.471 37.054 28.636 32.062 43.012 26.0 80.281 40.311 53.535 27.295
38.079 30.0 34.482 33.0 35.355 35.0 38.328 41.231 40.311 67.268 63.64 65.069 61.717 70.711 64.031 69.527 71.063 68.007 80.753 76.118 71.197 81.394 71.589 81.786 72.035 82.462 68.007 64.031 66.287 61.033 64.14 59.908 63.632 67.082 58.31 12.0 10.0 10.44 8.602 7.071 5.0 10.44 5.0 0.0 3.0 35.128 37.336 66.4 81.049 74.148 52.811 65.0 62.65 49.497 25.0 35.355 50.249 65.0 85.0 79.057 47.17 22.361 50.99 65.765 55.902 49.244 50.0 43.932 29.155 40.804 25.612 31.623 21.541 58.6 73.824 94.34 73.171 88.023 55.227 51.865 38.833 27.659 50.478 56.921 56.036 62.514 69.836 74.632 41.11 80.895 42.048 43.417 42.048 33.541 37.054 48.01 31.0 84.202 43.932 57.801 30.0
35.341 30.15 33.734 33.136 35.057 35.128 37.656 40.608 40.05 65.069 61.555 63.032 59.816 68.622 62.201 67.624 69.203 66.287 77.782 73.164 68.25 78.447 68.659 78.854 69.123 79.555 65.605 61.717 63.82 58.6 61.587 57.428 61.057 64.413 55.758 12.369 10.44 10.0 7.28 5.385 5.831 7.616 2.0 3.0 0.0 35.0 37.054 64.637 78.09 71.197 49.98 62.0 60.033 47.424 22.0 33.302 47.265 62.241 82.365 76.609 45.651 19.723 48.052 62.801 52.953 46.519 47.127 41.0 26.627 38.419 23.854 28.792 18.788 57.385 71.197 91.81 70.178 85.235 53.712 50.961 35.903 24.739 48.01 54.083 53.038 59.54 67.231 72.201 39.205 77.929 39.357 40.447 39.051 30.594 34.059 45.011 28.0 81.835 41.725 55.227 28.302
37.736 5.831 7.28 3.606 2.0 3.0 7.28 8.602 5.385 48.052 43.174 43.681 38.897 49.336 39.925 45.695 46.519 42.059 80.654 75.286 70.52 79.555 69.921 79.076 69.376 78.447 91.263 88.51 88.814 84.315 85.604 82.662 84.812 86.452 80.212 47.096 45.1 45.0 42.048 40.05 40.112 38.639 35.057 35.128 35.0 0.0 2.828 41.146 80.081 73.376 70.093 71.197 52.24 32.0 41.34 24.166 55.758 57.871 72.173 62.801 22.561 30.232 65.069 76.609 57.697 44.598 49.659 59.464 29.732 31.953 19.849 52.479 46.239 28.425 62.0 78.447 80.623 79.057 28.636 19.799 44.204 37.643 39.623 53.759 64.637 73.007 58.009 58.549 24.331 90.211 38.91 49.406 51.088 50.804 50.249 57.628 44.822 65.97 30.594 47.381 18.601
37.202 8.602 6.403 6.403 2.0 5.385 5.0 5.831 3.0 45.706 40.792 41.231 36.401 46.84 37.336 43.081 43.863 39.357 79.379 74.0 69.289 78.16 68.622 77.621 68.007 76.903 91.81 89.185 89.308 84.906 86.023 83.217 85.212 86.683 80.709 49.254 47.265 47.043 44.0 42.0 42.297 40.311 37.0 37.336 37.054 2.828 0.0 38.484 78.746 72.111 70.292 70.491 50.488 30.067 42.059 23.324 55.218 56.294 70.064 60.531 20.224 30.887 65.069 76.217 56.824 43.463 48.765 59.666 29.732 30.871 20.248 53.235 47.434 25.612 60.033 76.118 79.925 77.162 26.0 16.971 43.932 38.013 38.079 52.555 64.203 72.622 56.08 56.321 22.804 89.588 38.079 49.041 50.931 51.313 50.448 57.385 45.222 63.561 29.12 45.706 18.385
38.328 46.141 36.056 44.721 39.357 43.863 34.0 32.696 37.336 12.806 9.434 7.81 6.0 10.44 3.0 5.0 5.385 2.0 58.0 53.151 50.0 55.172 48.415 53.814 46.861 51.856 94.202 93.536 91.241 88.566 87.298 86.579 86.313 85.376 83.6 76.322 74.626 73.062 69.462 67.742 70.456 63.53 63.514 66.4 64.637 41.146 38.484 0.0 56.569 51.856 70.711 58.6 27.459 18.682 55.082 31.765 49.031 34.409 37.336 26.249 19.849 47.424 63.789 67.779 45.541 33.377 39.812 62.073 40.853 29.833 40.804 63.789 64.195 15.0 30.806 40.112 66.731 46.957 12.53 23.345 45.044 48.765 25.08 37.696 57.28 64.846 28.32 23.259 25.554 76.322 35.057 47.096 51.039 59.414 55.082 54.589 53.759 27.074 25.0 26.0 36.401
45.044 81.786 72.801 82.462 78.16 82.97 74.0 75.027 79.712 43.863 47.424 48.795 52.498 47.634 54.489 53.151 54.672 58.0 2.0 5.0 10.0 2.0 10.198 4.0 10.77 7.0 58.6 60.902 55.902 56.604 52.355 54.918 51.478 47.424 52.431 83.815 83.241 80.362 77.621 77.13 82.0 71.805 76.118 81.049 78.09 80.081 78.746 56.569 0.0 7.0 42.426 19.849 30.232 50.09 56.515 56.294 31.048 23.324 27.459 35.341 61.27 60.075 37.802 27.459 25.179 35.693 32.016 43.046 55.036 48.27 64.382 55.036 63.569 68.007 26.627 37.0 19.313 19.105 61.294 72.56 42.297 53.46 40.853 26.476 28.302 27.659 28.32 35.511 55.973 25.0 42.297 37.656 39.56 50.695 45.541 34.928 50.695 40.162 49.649 34.0 62.968
38.053 74.953 66.098 75.69 71.47 76.243 67.417 68.542 73.164 39.408 42.521 44.045 47.381 43.566 49.578 48.826 50.478 53.413 7.28 2.0 3.0 7.28 3.606 8.062 5.0 9.899 55.973 57.775 53.141 53.226 49.396 51.43 48.466 44.922 48.765 77.162 76.538 73.682 70.88 70.342 75.186 65.0 69.231 74.148 71.197 73.376 72.111 51.856 7.0 0.0 37.802 15.264 24.759 43.909 49.729 49.477 24.352 17.692 27.074 32.985 55.073 53.085 32.527 24.352 18.248 28.862 25.02 37.202 48.042 41.485 57.428 48.765 57.009 62.482 23.409 37.656 18.0 21.024 55.606 66.573 35.355 46.53 34.438 19.647 22.672 23.707 24.187 32.311 49.396 25.962 35.355 30.806 32.894 44.283 39.0 28.653 43.966 38.471 43.081 28.018 56.089
35.341 68.622 64.031 70.711 68.768 72.139 67.201 69.635 72.622 62.0 62.201 64.195 64.777 67.0 67.742 70.178 72.173 72.691 41.037 39.051 36.056 43.863 37.736 45.343 39.446 47.634 23.537 23.0 20.616 18.0 16.763 16.0 15.811 16.401 13.0 50.249 50.488 47.518 46.098 46.573 51.42 42.379 48.104 52.811 49.98 70.093 70.292 70.711 42.426 37.802 0.0 22.672 47.265 54.12 30.232 48.877 22.0 43.174 62.241 63.789 62.241 40.361 7.0 16.553 27.459 37.336 31.064 10.63 40.608 44.385 50.249 21.19 31.321 74.33 54.12 73.41 25.942 58.523 67.357 73.79 27.731 32.527 45.706 35.228 16.155 15.0 52.173 61.0 53.226 30.414 37.0 24.042 20.616 20.248 19.849 16.125 25.495 70.093 49.041 46.0 52.01
33.541 71.589 64.14 72.897 69.462 73.824 66.287 68.007 72.111 47.434 49.244 51.078 53.235 52.202 55.902 56.648 58.523 60.415 18.601 16.401 13.928 21.213 15.811 22.672 17.72 25.0 41.231 42.72 38.328 38.079 34.482 36.249 33.526 30.414 33.541 66.098 65.765 62.801 60.407 60.208 65.192 55.082 60.0 65.0 62.0 71.197 70.491 58.6 19.849 15.264 22.672 0.0 31.623 46.098 40.0 47.17 15.811 25.495 41.231 45.0 56.569 46.098 18.028 10.0 14.142 28.284 22.023 23.77 42.72 40.0 52.924 36.401 45.706 66.4 35.0 52.202 9.434 36.235 59.203 68.593 28.16 38.471 36.235 21.095 9.22 8.544 34.234 43.186 49.041 19.209 32.45 22.804 23.087 32.558 28.071 17.029 34.0 51.039 43.186 32.65 52.773
25.0 55.0 45.1 55.082 50.249 55.227 45.541 46.098 50.99 15.811 18.028 19.723 22.672 20.616 25.0 25.08 26.926 29.155 31.401 26.249 22.672 29.155 21.213 28.178 19.849 26.926 70.0 70.178 67.0 65.192 63.0 63.198 62.0 60.208 60.208 69.203 68.007 65.605 62.201 61.033 65.192 55.803 58.31 62.65 60.033 52.24 50.488 27.459 30.232 24.759 47.265 31.623 0.0 20.616 42.426 30.414 25.495 7.071 22.361 18.028 31.623 40.311 40.311 41.231 20.0 14.142 17.464 40.804 33.541 22.804 40.262 47.17 51.662 37.802 11.18 32.016 39.357 27.074 31.064 42.485 27.803 36.878 13.153 12.042 32.016 38.639 7.211 14.318 28.018 48.877 20.809 26.833 30.871 42.19 36.715 31.78 38.419 24.187 22.023 5.099 37.483
20.0 35.355 25.08 35.057 30.0 35.0 25.08 25.495 30.414 18.028 14.142 15.62 13.0 21.213 15.811 20.591 22.361 20.616 51.0 45.651 41.34 49.244 40.311 48.466 39.357 47.434 77.621 76.485 74.726 71.589 70.88 69.635 69.921 69.642 66.708 58.6 57.009 55.218 51.614 50.0 53.151 45.486 46.098 49.497 47.424 32.0 30.067 18.682 50.09 43.909 54.12 46.098 20.616 0.0 36.401 14.142 33.541 26.926 40.311 31.623 11.18 29.155 47.434 54.083 32.016 18.028 24.698 44.721 22.361 11.18 24.207 45.277 45.541 20.591 30.0 47.434 55.172 47.096 13.416 22.804 27.166 30.083 9.899 25.495 42.544 50.774 26.019 27.203 8.944 65.069 17.263 30.083 33.734 41.049 37.054 38.275 35.228 35.777 6.325 16.155 20.248
18.028 39.051 36.249 41.4 40.311 43.012 39.925 42.72 44.721 51.478 49.244 51.078 49.336 55.902 52.202 56.648 58.523 57.009 56.089 51.662 46.84 57.009 47.434 57.567 48.104 58.523 50.0 47.17 47.634 43.012 44.598 41.4 43.863 46.098 39.051 27.731 26.926 24.166 21.19 20.616 25.495 15.297 20.0 25.0 22.0 41.34 42.059 55.082 56.515 49.729 30.232 40.0 42.426 36.401 0.0 25.0 25.495 43.012 64.031 60.208 40.0 11.18 26.926 41.231 31.623 28.284 26.926 20.125 15.0 25.298 21.932 11.18 9.434 53.0 53.151 74.33 48.26 65.368 47.17 49.649 15.264 6.325 32.757 34.132 31.064 37.855 49.518 56.08 31.064 56.294 22.204 18.974 17.117 10.0 12.166 23.022 6.0 66.068 30.083 38.288 25.0
14.142 25.495 17.0 26.249 22.361 26.926 19.209 21.213 25.0 32.016 28.284 29.732 26.627 35.355 29.155 34.409 36.056 33.541 56.754 51.42 46.573 55.902 46.098 55.579 45.706 55.227 71.589 69.642 68.877 65.0 65.299 63.159 64.413 65.192 60.415 44.654 43.012 41.34 37.736 36.056 39.051 31.765 32.016 35.355 33.302 24.166 23.324 31.765 56.294 49.477 48.877 47.17 30.414 14.142 25.0 0.0 32.016 35.0 52.202 44.721 15.0 15.811 43.012 53.151 33.541 20.616 25.495 38.471 10.0 8.062 10.296 35.355 33.377 28.0 41.231 60.415 56.604 57.428 22.361 25.298 21.401 19.105 17.263 29.833 41.11 49.578 37.108 40.249 6.325 66.287 14.765 26.173 28.601 32.016 29.547 34.713 25.71 49.396 8.944 25.318 7.071
18.028 55.902 48.826 57.306 54.083 58.31 51.225 53.151 57.009 40.0 40.311 42.297 43.174 45.0 46.098 48.26 50.249 50.99 30.594 26.249 21.541 31.623 22.361 32.311 23.324 33.541 45.277 45.0 42.297 40.0 38.328 38.0 37.336 36.401 35.0 52.811 52.202 49.336 46.573 46.098 50.99 40.792 45.277 50.249 47.265 55.758 55.218 49.031 31.048 24.352 22.0 15.811 25.495 33.541 25.495 32.016 0.0 22.361 43.012 42.72 43.012 30.414 15.0 21.213 7.071 15.811 9.22 15.652 26.926 25.495 37.162 25.0 32.696 54.12 33.541 54.083 25.08 41.869 46.957 55.0 12.369 23.022 24.352 13.601 9.22 17.692 31.016 39.56 34.713 34.482 17.692 7.071 8.544 20.248 14.765 6.325 19.647 49.041 29.411 24.0 37.216
26.926 60.208 50.636 60.531 55.902 60.828 51.42 52.202 57.009 22.361 25.0 26.627 29.732 26.926 32.016 31.765 33.541 36.056 24.413 19.209 15.62 22.361 14.142 21.541 12.806 20.616 65.192 65.765 62.201 60.828 58.215 58.856 57.219 55.0 55.902 70.491 69.462 66.888 63.632 62.65 67.082 57.306 60.415 65.0 62.241 57.871 56.294 34.409 23.324 17.692 43.174 25.495 7.071 26.926 43.012 35.0 22.361 0.0 21.213 20.616 38.079 42.72 36.401 35.355 15.811 15.811 16.279 38.013 36.401 27.019 44.283 46.098 51.856 44.822 11.18 32.016 32.696 23.087 38.013 49.244 27.803 38.079 18.248 9.22 27.295 33.061 9.055 18.028 33.541 42.059 23.087 25.495 29.206 41.11 35.468 28.636 38.288 26.926 27.295 10.77 42.012
47.17 75.664 65.376 75.326 70.178 75.166 65.069 65.0 70.0 25.495 30.414 30.806 35.693 26.926 36.401 32.696 33.541 38.079 29.428 27.0 27.459 25.495 25.495 23.537 23.537 20.616 82.462 83.815 79.555 79.057 75.69 77.162 74.726 71.589 74.33 91.263 90.139 87.658 84.315 83.217 87.464 77.936 80.623 85.0 82.365 72.173 70.064 37.336 27.459 27.074 62.241 41.231 22.361 40.311 64.031 52.202 43.012 21.213 0.0 11.18 50.0 62.65 55.902 50.99 36.056 36.056 37.483 58.523 55.902 44.944 62.298 67.268 73.0 51.662 11.18 11.18 45.044 10.63 46.53 58.694 48.918 58.822 35.114 30.414 46.098 49.729 15.232 14.318 48.836 52.24 43.046 46.69 50.329 62.29 56.639 49.092 59.464 13.601 43.417 27.313 59.203
